New Y	New X	Bit
0	0	1
0	1	0
0	2	0
0	3	0
0	4	0
0	5	0
0	6	1
0	7	0
0	8	1
0	9	1
0	10	1
0	11	1
0	12	1
0	13	1
0	14	1
0	15	0
0	16	0
0	17	0
0	18	0
0	19	0
0	20	0
0	21	0
0	22	0
0	23	0
0	24	0
0	25	0
0	26	0
0	27	0
0	28	0
0	29	0
0	30	0
0	31	0
0	32	0
0	33	1
0	34	0
0	35	0
0	36	0
0	37	0
0	38	0
0	39	0
0	40	0
0	41	0
0	42	0
0	43	0
0	44	0
0	45	1
0	46	0
0	47	0
0	48	0
0	49	1
0	50	0
0	51	0
0	52	0
0	53	1
0	54	0
0	55	0
0	56	0
0	57	0
0	58	0
0	59	0
0	60	0
0	61	1
0	62	0
0	63	0
0	64	1
0	65	1
0	66	1
0	67	0
0	68	1
0	69	0
0	70	1
0	71	1
0	72	1
0	73	1
0	74	1
0	75	0
0	76	0
0	77	1
0	78	1
0	79	1
0	80	0
0	81	0
0	82	0
0	83	0
0	84	0
0	85	0
0	86	0
0	87	0
0	88	0
0	89	0
0	90	0
0	91	0
0	92	0
0	93	0
0	94	0
0	95	0
0	96	0
0	97	1
0	98	0
0	99	0
0	100	0
0	101	1
0	102	0
0	103	0
0	104	0
0	105	1
0	106	0
0	107	0
0	108	0
0	109	0
0	110	0
0	111	0
0	112	0
0	113	0
0	114	0
0	115	0
0	116	0
0	117	1
0	118	0
0	119	0
0	120	0
0	121	1
0	122	0
0	123	0
0	124	0
0	125	1
0	126	0
0	127	0
0	128	0
0	129	0
0	130	0
0	131	0
0	132	0
0	133	1
0	134	0
0	135	0
0	136	1
0	137	0
0	138	1
0	139	0
0	140	0
0	141	0
0	142	0
0	143	0
0	144	0
0	145	1
0	146	0
0	147	0
0	148	1
0	149	0
0	150	1
0	151	0
0	152	0
0	153	1
0	154	0
0	155	0
0	156	0
0	157	0
0	158	1
0	159	0
0	160	0
0	161	0
0	162	1
0	163	0
0	164	1
0	165	0
0	166	0
0	167	0
0	168	0
0	169	0
0	170	0
0	171	0
0	172	0
0	173	0
0	174	0
0	175	0
0	176	0
0	177	0
0	178	0
0	179	0
0	180	0
0	181	0
0	182	0
0	183	0
0	184	0
0	185	0
0	186	0
0	187	0
0	188	0
0	189	0
0	190	1
0	191	0
0	192	0
0	193	0
0	194	0
0	195	0
0	196	0
0	197	1
0	198	0
0	199	0
0	200	0
0	201	0
0	202	0
0	203	0
0	204	1
0	205	1
0	206	1
0	207	0
0	208	0
0	209	0
0	210	1
0	211	0
0	212	0
0	213	1
0	214	0
0	215	0
0	216	1
0	217	0
0	218	1
0	219	1
0	220	0
0	221	0
0	222	0
0	223	0
0	224	1
0	225	0
0	226	0
0	227	0
0	228	0
0	229	0
0	230	1
0	231	0
0	232	1
0	233	0
0	234	1
0	235	0
0	236	0
0	237	1
0	238	0
0	239	0
0	240	0
0	241	0
0	242	0
0	243	0
0	244	0
0	245	0
0	246	0
0	247	0
0	248	0
0	249	0
0	250	0
0	251	0
0	252	0
0	253	1
0	254	0
0	255	0
0	256	0
0	257	1
0	258	0
0	259	0
0	260	0
0	261	1
0	262	0
0	263	0
0	264	1
0	265	1
0	266	0
0	267	0
0	268	0
0	269	1
0	270	0
0	271	0
0	272	1
0	273	1
0	274	0
0	275	0
0	276	1
0	277	1
0	278	1
0	279	0
0	280	1
0	281	1
0	282	1
0	283	0
0	284	0
0	285	1
0	286	0
0	287	0
0	288	1
0	289	0
0	290	1
0	291	0
0	292	1
0	293	1
0	294	1
0	295	0
0	296	0
0	297	0
0	298	1
0	299	0
0	300	1
0	301	0
0	302	1
0	303	0
0	304	1
0	305	0
0	306	0
0	307	0
0	308	1
0	309	0
0	310	1
0	311	0
0	312	1
0	313	1
0	314	0
0	315	0
0	316	0
0	317	1
0	318	0
0	319	0
0	320	1
0	321	1
0	322	1
0	323	0
0	324	1
0	325	0
0	326	1
0	327	0
0	328	1
0	329	0
0	330	1
0	331	0
0	332	1
0	333	0
0	334	0
0	335	0
0	336	1
0	337	0
0	338	1
0	339	0
0	340	1
0	341	0
0	342	0
0	343	0
0	344	1
0	345	0
0	346	0
0	347	0
0	348	1
0	349	0
0	350	1
0	351	0
0	352	1
0	353	0
0	354	1
0	355	0
0	356	0
0	357	1
0	358	0
0	359	0
0	360	0
0	361	0
0	362	1
0	363	0
0	364	1
0	365	0
0	366	1
0	367	0
0	368	1
0	369	0
0	370	0
0	371	0
0	372	1
0	373	0
0	374	1
0	375	0
0	376	1
0	377	0
0	378	1
0	379	0
0	380	1
0	381	0
0	382	1
0	383	0
0	384	0
0	385	1
0	386	0
0	387	0
0	388	0
0	389	0
0	390	0
0	391	0
0	392	1
0	393	0
0	394	0
0	395	0
0	396	0
0	397	0
0	398	0
0	399	0
0	400	0
0	401	0
0	402	1
0	403	0
0	404	0
0	405	0
0	406	0
0	407	0
0	408	0
0	409	0
0	410	1
0	411	0
0	412	0
0	413	0
0	414	0
0	415	0
0	416	1
0	417	0
0	418	0
0	419	0
0	420	0
0	421	1
0	422	0
0	423	0
0	424	0
0	425	0
0	426	1
0	427	0
0	428	1
0	429	0
0	430	0
0	431	0
0	432	1
0	433	1
0	434	0
0	435	0
0	436	0
0	437	0
0	438	0
0	439	0
0	440	0
0	441	0
0	442	0
0	443	0
0	444	0
0	445	0
0	446	0
0	447	0
0	448	0
0	449	0
0	450	0
0	451	0
0	452	0
0	453	1
0	454	1
0	455	0
0	456	1
0	457	0
0	458	1
0	459	0
0	460	1
0	461	0
0	462	0
0	463	0
0	464	1
0	465	0
0	466	1
0	467	0
0	468	1
0	469	1
0	470	1
0	471	0
0	472	0
0	473	1
0	474	0
0	475	0
0	476	0
0	477	1
0	478	1
0	479	0
0	480	1
0	481	0
0	482	1
0	483	0
0	484	0
0	485	1
0	486	0
0	487	0
0	488	0
0	489	0
0	490	1
0	491	0
0	492	1
0	493	1
0	494	0
0	495	0
0	496	0
0	497	1
0	498	0
0	499	0
0	500	1
0	501	1
0	502	1
0	503	0
0	504	1
0	505	0
0	506	1
0	507	0
0	508	1
0	509	0
0	510	1
0	511	0
1	0	1
1	1	0
1	2	0
1	3	0
1	4	0
1	5	0
1	6	1
1	7	0
1	8	1
1	9	1
1	10	1
1	11	1
1	12	1
1	13	1
1	14	1
1	15	0
1	16	0
1	17	0
1	18	0
1	19	0
1	20	0
1	21	0
1	22	0
1	23	0
1	24	0
1	25	0
1	26	0
1	27	0
1	28	0
1	29	0
1	30	0
1	31	0
1	32	0
1	33	1
1	34	0
1	35	0
1	36	0
1	37	0
1	38	0
1	39	0
1	40	0
1	41	0
1	42	0
1	43	0
1	44	0
1	45	1
1	46	0
1	47	0
1	48	0
1	49	1
1	50	0
1	51	0
1	52	0
1	53	1
1	54	0
1	55	0
1	56	0
1	57	0
1	58	0
1	59	0
1	60	0
1	61	1
1	62	0
1	63	0
1	64	1
1	65	1
1	66	1
1	67	0
1	68	1
1	69	0
1	70	1
1	71	1
1	72	1
1	73	1
1	74	1
1	75	0
1	76	0
1	77	1
1	78	1
1	79	1
1	80	0
1	81	0
1	82	0
1	83	0
1	84	0
1	85	0
1	86	0
1	87	0
1	88	0
1	89	0
1	90	0
1	91	0
1	92	0
1	93	0
1	94	0
1	95	0
1	96	0
1	97	1
1	98	0
1	99	0
1	100	0
1	101	1
1	102	0
1	103	0
1	104	0
1	105	1
1	106	0
1	107	0
1	108	0
1	109	0
1	110	0
1	111	0
1	112	0
1	113	0
1	114	0
1	115	0
1	116	0
1	117	1
1	118	0
1	119	0
1	120	0
1	121	1
1	122	0
1	123	0
1	124	0
1	125	1
1	126	0
1	127	0
1	128	0
1	129	0
1	130	0
1	131	0
1	132	0
1	133	1
1	134	0
1	135	0
1	136	1
1	137	0
1	138	1
1	139	0
1	140	0
1	141	0
1	142	0
1	143	0
1	144	0
1	145	1
1	146	0
1	147	0
1	148	1
1	149	0
1	150	1
1	151	0
1	152	0
1	153	1
1	154	0
1	155	0
1	156	0
1	157	0
1	158	1
1	159	0
1	160	0
1	161	0
1	162	1
1	163	0
1	164	1
1	165	0
1	166	0
1	167	0
1	168	0
1	169	0
1	170	0
1	171	0
1	172	0
1	173	0
1	174	0
1	175	0
1	176	0
1	177	0
1	178	0
1	179	0
1	180	0
1	181	0
1	182	0
1	183	0
1	184	0
1	185	0
1	186	0
1	187	0
1	188	0
1	189	0
1	190	1
1	191	0
1	192	0
1	193	0
1	194	0
1	195	0
1	196	0
1	197	1
1	198	0
1	199	0
1	200	0
1	201	0
1	202	0
1	203	0
1	204	1
1	205	1
1	206	1
1	207	0
1	208	0
1	209	0
1	210	1
1	211	0
1	212	0
1	213	1
1	214	0
1	215	0
1	216	1
1	217	0
1	218	1
1	219	1
1	220	0
1	221	0
1	222	0
1	223	0
1	224	1
1	225	0
1	226	0
1	227	0
1	228	0
1	229	0
1	230	1
1	231	0
1	232	1
1	233	0
1	234	1
1	235	0
1	236	0
1	237	1
1	238	0
1	239	0
1	240	0
1	241	0
1	242	0
1	243	0
1	244	0
1	245	0
1	246	0
1	247	0
1	248	0
1	249	0
1	250	0
1	251	0
1	252	0
1	253	1
1	254	0
1	255	0
1	256	0
1	257	1
1	258	0
1	259	0
1	260	0
1	261	1
1	262	0
1	263	0
1	264	1
1	265	1
1	266	0
1	267	0
1	268	0
1	269	1
1	270	0
1	271	0
1	272	1
1	273	1
1	274	0
1	275	0
1	276	1
1	277	1
1	278	1
1	279	0
1	280	1
1	281	1
1	282	1
1	283	0
1	284	0
1	285	1
1	286	0
1	287	0
1	288	1
1	289	0
1	290	1
1	291	0
1	292	1
1	293	1
1	294	1
1	295	0
1	296	0
1	297	0
1	298	1
1	299	0
1	300	1
1	301	0
1	302	1
1	303	0
1	304	1
1	305	0
1	306	0
1	307	0
1	308	1
1	309	0
1	310	1
1	311	0
1	312	1
1	313	1
1	314	0
1	315	0
1	316	0
1	317	1
1	318	0
1	319	0
1	320	1
1	321	1
1	322	1
1	323	0
1	324	1
1	325	0
1	326	1
1	327	0
1	328	1
1	329	0
1	330	1
1	331	0
1	332	1
1	333	0
1	334	0
1	335	0
1	336	1
1	337	0
1	338	1
1	339	0
1	340	1
1	341	0
1	342	0
1	343	0
1	344	1
1	345	0
1	346	0
1	347	0
1	348	1
1	349	0
1	350	1
1	351	0
1	352	1
1	353	0
1	354	1
1	355	0
1	356	0
1	357	1
1	358	0
1	359	0
1	360	0
1	361	0
1	362	1
1	363	0
1	364	1
1	365	0
1	366	1
1	367	0
1	368	1
1	369	0
1	370	0
1	371	0
1	372	1
1	373	0
1	374	1
1	375	0
1	376	1
1	377	0
1	378	1
1	379	0
1	380	1
1	381	0
1	382	1
1	383	0
1	384	0
1	385	1
1	386	0
1	387	0
1	388	0
1	389	0
1	390	0
1	391	0
1	392	1
1	393	0
1	394	0
1	395	0
1	396	0
1	397	0
1	398	0
1	399	0
1	400	0
1	401	0
1	402	1
1	403	0
1	404	0
1	405	0
1	406	0
1	407	0
1	408	0
1	409	0
1	410	1
1	411	0
1	412	0
1	413	0
1	414	0
1	415	0
1	416	1
1	417	0
1	418	0
1	419	0
1	420	0
1	421	1
1	422	0
1	423	0
1	424	0
1	425	0
1	426	1
1	427	0
1	428	1
1	429	0
1	430	0
1	431	0
1	432	1
1	433	1
1	434	0
1	435	0
1	436	0
1	437	0
1	438	0
1	439	0
1	440	0
1	441	0
1	442	0
1	443	0
1	444	0
1	445	0
1	446	0
1	447	0
1	448	0
1	449	0
1	450	0
1	451	0
1	452	0
1	453	1
1	454	1
1	455	0
1	456	1
1	457	0
1	458	1
1	459	0
1	460	1
1	461	0
1	462	0
1	463	0
1	464	1
1	465	0
1	466	1
1	467	0
1	468	1
1	469	1
1	470	1
1	471	0
1	472	0
1	473	1
1	474	0
1	475	0
1	476	0
1	477	1
1	478	1
1	479	0
1	480	1
1	481	0
1	482	1
1	483	0
1	484	0
1	485	1
1	486	0
1	487	0
1	488	0
1	489	0
1	490	1
1	491	0
1	492	1
1	493	1
1	494	0
1	495	0
1	496	0
1	497	1
1	498	0
1	499	0
1	500	1
1	501	1
1	502	1
1	503	0
1	504	1
1	505	0
1	506	1
1	507	0
1	508	1
1	509	0
1	510	1
1	511	0
2	0	1
2	1	1
2	2	0
2	3	1
2	4	1
2	5	0
2	6	0
2	7	0
2	8	0
2	9	1
2	10	1
2	11	1
2	12	0
2	13	0
2	14	0
2	15	0
2	16	0
2	17	1
2	18	0
2	19	0
2	20	0
2	21	1
2	22	0
2	23	0
2	24	0
2	25	0
2	26	0
2	27	0
2	28	0
2	29	0
2	30	0
2	31	0
2	32	0
2	33	1
2	34	0
2	35	0
2	36	0
2	37	0
2	38	0
2	39	0
2	40	0
2	41	0
2	42	0
2	43	0
2	44	0
2	45	1
2	46	0
2	47	0
2	48	0
2	49	1
2	50	0
2	51	0
2	52	0
2	53	1
2	54	0
2	55	0
2	56	0
2	57	0
2	58	0
2	59	0
2	60	0
2	61	1
2	62	0
2	63	0
2	64	1
2	65	0
2	66	1
2	67	0
2	68	1
2	69	1
2	70	1
2	71	1
2	72	0
2	73	1
2	74	1
2	75	0
2	76	0
2	77	1
2	78	1
2	79	0
2	80	1
2	81	1
2	82	1
2	83	0
2	84	0
2	85	1
2	86	0
2	87	0
2	88	0
2	89	0
2	90	0
2	91	0
2	92	0
2	93	0
2	94	0
2	95	0
2	96	0
2	97	1
2	98	0
2	99	0
2	100	0
2	101	1
2	102	0
2	103	0
2	104	0
2	105	1
2	106	0
2	107	0
2	108	0
2	109	0
2	110	0
2	111	0
2	112	0
2	113	0
2	114	0
2	115	0
2	116	0
2	117	1
2	118	0
2	119	0
2	120	0
2	121	1
2	122	0
2	123	0
2	124	0
2	125	1
2	126	0
2	127	0
2	128	0
2	129	0
2	130	0
2	131	0
2	132	0
2	133	1
2	134	0
2	135	0
2	136	1
2	137	0
2	138	1
2	139	0
2	140	1
2	141	0
2	142	1
2	143	0
2	144	1
2	145	1
2	146	1
2	147	0
2	148	0
2	149	0
2	150	1
2	151	0
2	152	1
2	153	0
2	154	1
2	155	0
2	156	0
2	157	1
2	158	0
2	159	0
2	160	0
2	161	1
2	162	0
2	163	0
2	164	0
2	165	1
2	166	0
2	167	0
2	168	0
2	169	0
2	170	0
2	171	0
2	172	0
2	173	0
2	174	0
2	175	0
2	176	0
2	177	0
2	178	0
2	179	0
2	180	0
2	181	0
2	182	0
2	183	0
2	184	0
2	185	0
2	186	0
2	187	0
2	188	0
2	189	0
2	190	1
2	191	0
2	192	0
2	193	0
2	194	0
2	195	0
2	196	0
2	197	0
2	198	0
2	199	0
2	200	0
2	201	0
2	202	0
2	203	0
2	204	1
2	205	0
2	206	1
2	207	0
2	208	1
2	209	1
2	210	1
2	211	0
2	212	1
2	213	0
2	214	0
2	215	0
2	216	1
2	217	1
2	218	1
2	219	0
2	220	0
2	221	0
2	222	0
2	223	0
2	224	0
2	225	1
2	226	0
2	227	0
2	228	0
2	229	1
2	230	0
2	231	0
2	232	0
2	233	0
2	234	0
2	235	0
2	236	0
2	237	0
2	238	0
2	239	0
2	240	0
2	241	1
2	242	0
2	243	0
2	244	0
2	245	0
2	246	0
2	247	0
2	248	0
2	249	0
2	250	0
2	251	0
2	252	1
2	253	0
2	254	0
2	255	0
2	256	1
2	257	0
2	258	1
2	259	0
2	260	1
2	261	0
2	262	1
2	263	0
2	264	1
2	265	0
2	266	1
2	267	0
2	268	1
2	269	0
2	270	1
2	271	0
2	272	1
2	273	0
2	274	1
2	275	0
2	276	1
2	277	0
2	278	0
2	279	0
2	280	1
2	281	0
2	282	0
2	283	0
2	284	1
2	285	0
2	286	1
2	287	0
2	288	1
2	289	0
2	290	1
2	291	0
2	292	0
2	293	1
2	294	0
2	295	0
2	296	0
2	297	0
2	298	1
2	299	0
2	300	1
2	301	0
2	302	1
2	303	0
2	304	1
2	305	0
2	306	0
2	307	0
2	308	1
2	309	1
2	310	1
2	311	0
2	312	1
2	313	0
2	314	1
2	315	0
2	316	1
2	317	0
2	318	1
2	319	0
2	320	1
2	321	0
2	322	0
2	323	0
2	324	1
2	325	0
2	326	1
2	327	0
2	328	1
2	329	0
2	330	1
2	331	0
2	332	1
2	333	0
2	334	1
2	335	0
2	336	1
2	337	0
2	338	1
2	339	0
2	340	1
2	341	0
2	342	0
2	343	0
2	344	1
2	345	0
2	346	0
2	347	0
2	348	1
2	349	0
2	350	1
2	351	0
2	352	1
2	353	0
2	354	1
2	355	0
2	356	0
2	357	1
2	358	0
2	359	0
2	360	1
2	361	0
2	362	1
2	363	0
2	364	1
2	365	0
2	366	1
2	367	0
2	368	1
2	369	0
2	370	0
2	371	0
2	372	1
2	373	0
2	374	1
2	375	0
2	376	1
2	377	0
2	378	1
2	379	0
2	380	1
2	381	0
2	382	1
2	383	0
2	384	0
2	385	0
2	386	1
2	387	0
2	388	0
2	389	0
2	390	0
2	391	0
2	392	1
2	393	0
2	394	0
2	395	0
2	396	0
2	397	0
2	398	0
2	399	0
2	400	0
2	401	0
2	402	1
2	403	0
2	404	0
2	405	0
2	406	0
2	407	0
2	408	0
2	409	1
2	410	0
2	411	0
2	412	0
2	413	0
2	414	0
2	415	0
2	416	1
2	417	0
2	418	0
2	419	0
2	420	0
2	421	0
2	422	0
2	423	0
2	424	0
2	425	0
2	426	0
2	427	0
2	428	1
2	429	0
2	430	0
2	431	0
2	432	0
2	433	1
2	434	0
2	435	0
2	436	0
2	437	0
2	438	0
2	439	0
2	440	0
2	441	0
2	442	0
2	443	0
2	444	0
2	445	0
2	446	0
2	447	0
2	448	0
2	449	0
2	450	0
2	451	0
2	452	1
2	453	0
2	454	1
2	455	0
2	456	1
2	457	0
2	458	1
2	459	0
2	460	1
2	461	0
2	462	1
2	463	0
2	464	1
2	465	0
2	466	1
2	467	0
2	468	1
2	469	0
2	470	0
2	471	0
2	472	0
2	473	1
2	474	0
2	475	0
2	476	0
2	477	0
2	478	1
2	479	0
2	480	1
2	481	0
2	482	1
2	483	0
2	484	0
2	485	1
2	486	0
2	487	0
2	488	1
2	489	0
2	490	1
2	491	0
2	492	1
2	493	0
2	494	1
2	495	0
2	496	0
2	497	1
2	498	0
2	499	0
2	500	1
2	501	0
2	502	1
2	503	0
2	504	1
2	505	0
2	506	1
2	507	0
2	508	1
2	509	0
2	510	1
2	511	0
3	0	1
3	1	1
3	2	0
3	3	1
3	4	1
3	5	0
3	6	0
3	7	0
3	8	0
3	9	1
3	10	1
3	11	1
3	12	0
3	13	0
3	14	0
3	15	0
3	16	0
3	17	1
3	18	0
3	19	0
3	20	0
3	21	1
3	22	0
3	23	0
3	24	0
3	25	0
3	26	0
3	27	0
3	28	0
3	29	0
3	30	0
3	31	0
3	32	0
3	33	1
3	34	0
3	35	0
3	36	0
3	37	0
3	38	0
3	39	0
3	40	0
3	41	0
3	42	0
3	43	0
3	44	0
3	45	1
3	46	0
3	47	0
3	48	0
3	49	1
3	50	0
3	51	0
3	52	0
3	53	1
3	54	0
3	55	0
3	56	0
3	57	0
3	58	0
3	59	0
3	60	0
3	61	1
3	62	0
3	63	0
3	64	1
3	65	0
3	66	1
3	67	0
3	68	1
3	69	1
3	70	1
3	71	1
3	72	0
3	73	1
3	74	1
3	75	0
3	76	0
3	77	1
3	78	1
3	79	0
3	80	1
3	81	1
3	82	1
3	83	0
3	84	0
3	85	1
3	86	0
3	87	0
3	88	0
3	89	0
3	90	0
3	91	0
3	92	0
3	93	0
3	94	0
3	95	0
3	96	0
3	97	1
3	98	0
3	99	0
3	100	0
3	101	1
3	102	0
3	103	0
3	104	0
3	105	1
3	106	0
3	107	0
3	108	0
3	109	0
3	110	0
3	111	0
3	112	0
3	113	0
3	114	0
3	115	0
3	116	0
3	117	1
3	118	0
3	119	0
3	120	0
3	121	1
3	122	0
3	123	0
3	124	0
3	125	1
3	126	0
3	127	0
3	128	0
3	129	0
3	130	0
3	131	0
3	132	0
3	133	1
3	134	0
3	135	0
3	136	1
3	137	0
3	138	1
3	139	0
3	140	1
3	141	0
3	142	1
3	143	0
3	144	1
3	145	1
3	146	1
3	147	0
3	148	0
3	149	0
3	150	1
3	151	0
3	152	1
3	153	0
3	154	1
3	155	0
3	156	0
3	157	1
3	158	0
3	159	0
3	160	0
3	161	1
3	162	0
3	163	0
3	164	0
3	165	1
3	166	0
3	167	0
3	168	0
3	169	0
3	170	0
3	171	0
3	172	0
3	173	0
3	174	0
3	175	0
3	176	0
3	177	0
3	178	0
3	179	0
3	180	0
3	181	0
3	182	0
3	183	0
3	184	0
3	185	0
3	186	0
3	187	0
3	188	0
3	189	0
3	190	1
3	191	0
3	192	0
3	193	0
3	194	0
3	195	0
3	196	0
3	197	0
3	198	0
3	199	0
3	200	0
3	201	0
3	202	0
3	203	0
3	204	1
3	205	0
3	206	1
3	207	0
3	208	1
3	209	1
3	210	1
3	211	0
3	212	1
3	213	0
3	214	0
3	215	0
3	216	1
3	217	1
3	218	1
3	219	0
3	220	0
3	221	0
3	222	0
3	223	0
3	224	0
3	225	1
3	226	0
3	227	0
3	228	0
3	229	1
3	230	0
3	231	0
3	232	0
3	233	0
3	234	0
3	235	0
3	236	0
3	237	0
3	238	0
3	239	0
3	240	0
3	241	1
3	242	0
3	243	0
3	244	0
3	245	0
3	246	0
3	247	0
3	248	0
3	249	0
3	250	0
3	251	0
3	252	1
3	253	0
3	254	0
3	255	0
3	256	1
3	257	0
3	258	1
3	259	0
3	260	1
3	261	0
3	262	1
3	263	0
3	264	1
3	265	0
3	266	1
3	267	0
3	268	1
3	269	0
3	270	1
3	271	0
3	272	1
3	273	0
3	274	1
3	275	0
3	276	1
3	277	0
3	278	0
3	279	0
3	280	1
3	281	0
3	282	0
3	283	0
3	284	1
3	285	0
3	286	1
3	287	0
3	288	1
3	289	0
3	290	1
3	291	0
3	292	0
3	293	1
3	294	0
3	295	0
3	296	0
3	297	0
3	298	1
3	299	0
3	300	1
3	301	0
3	302	1
3	303	0
3	304	1
3	305	0
3	306	0
3	307	0
3	308	1
3	309	1
3	310	1
3	311	0
3	312	1
3	313	0
3	314	1
3	315	0
3	316	1
3	317	0
3	318	1
3	319	0
3	320	1
3	321	0
3	322	0
3	323	0
3	324	1
3	325	0
3	326	1
3	327	0
3	328	1
3	329	0
3	330	1
3	331	0
3	332	1
3	333	0
3	334	1
3	335	0
3	336	1
3	337	0
3	338	1
3	339	0
3	340	1
3	341	0
3	342	0
3	343	0
3	344	1
3	345	0
3	346	0
3	347	0
3	348	1
3	349	0
3	350	1
3	351	0
3	352	1
3	353	0
3	354	1
3	355	0
3	356	0
3	357	1
3	358	0
3	359	0
3	360	1
3	361	0
3	362	1
3	363	0
3	364	1
3	365	0
3	366	1
3	367	0
3	368	1
3	369	0
3	370	0
3	371	0
3	372	1
3	373	0
3	374	1
3	375	0
3	376	1
3	377	0
3	378	1
3	379	0
3	380	1
3	381	0
3	382	1
3	383	0
3	384	0
3	385	0
3	386	1
3	387	0
3	388	0
3	389	0
3	390	0
3	391	0
3	392	1
3	393	0
3	394	0
3	395	0
3	396	0
3	397	0
3	398	0
3	399	0
3	400	0
3	401	0
3	402	1
3	403	0
3	404	0
3	405	0
3	406	0
3	407	0
3	408	0
3	409	1
3	410	0
3	411	0
3	412	0
3	413	0
3	414	0
3	415	0
3	416	1
3	417	0
3	418	0
3	419	0
3	420	0
3	421	0
3	422	0
3	423	0
3	424	0
3	425	0
3	426	0
3	427	0
3	428	1
3	429	0
3	430	0
3	431	0
3	432	0
3	433	1
3	434	0
3	435	0
3	436	0
3	437	0
3	438	0
3	439	0
3	440	0
3	441	0
3	442	0
3	443	0
3	444	0
3	445	0
3	446	0
3	447	0
3	448	0
3	449	0
3	450	0
3	451	0
3	452	1
3	453	0
3	454	1
3	455	0
3	456	1
3	457	0
3	458	1
3	459	0
3	460	1
3	461	0
3	462	1
3	463	0
3	464	1
3	465	0
3	466	1
3	467	0
3	468	1
3	469	0
3	470	0
3	471	0
3	472	0
3	473	1
3	474	0
3	475	0
3	476	0
3	477	0
3	478	1
3	479	0
3	480	1
3	481	0
3	482	1
3	483	0
3	484	0
3	485	1
3	486	0
3	487	0
3	488	1
3	489	0
3	490	1
3	491	0
3	492	1
3	493	0
3	494	1
3	495	0
3	496	0
3	497	1
3	498	0
3	499	0
3	500	1
3	501	0
3	502	1
3	503	0
3	504	1
3	505	0
3	506	1
3	507	0
3	508	1
3	509	0
3	510	1
3	511	0
4	0	1
4	1	1
4	2	0
4	3	1
4	4	0
4	5	1
4	6	1
4	7	1
4	8	0
4	9	0
4	10	1
4	11	1
4	12	1
4	13	0
4	14	0
4	15	0
4	16	1
4	17	1
4	18	1
4	19	0
4	20	0
4	21	0
4	22	0
4	23	0
4	24	0
4	25	0
4	26	0
4	27	0
4	28	0
4	29	0
4	30	0
4	31	0
4	32	0
4	33	1
4	34	0
4	35	0
4	36	0
4	37	0
4	38	0
4	39	0
4	40	0
4	41	0
4	42	0
4	43	0
4	44	0
4	45	1
4	46	0
4	47	0
4	48	0
4	49	1
4	50	0
4	51	0
4	52	0
4	53	1
4	54	0
4	55	0
4	56	0
4	57	0
4	58	0
4	59	0
4	60	0
4	61	1
4	62	0
4	63	0
4	64	0
4	65	0
4	66	0
4	67	0
4	68	1
4	69	0
4	70	1
4	71	1
4	72	0
4	73	0
4	74	1
4	75	0
4	76	0
4	77	1
4	78	0
4	79	1
4	80	0
4	81	0
4	82	0
4	83	0
4	84	0
4	85	0
4	86	0
4	87	0
4	88	0
4	89	0
4	90	0
4	91	0
4	92	0
4	93	0
4	94	0
4	95	0
4	96	0
4	97	1
4	98	0
4	99	0
4	100	0
4	101	1
4	102	0
4	103	0
4	104	0
4	105	1
4	106	0
4	107	0
4	108	0
4	109	0
4	110	0
4	111	0
4	112	0
4	113	0
4	114	0
4	115	0
4	116	0
4	117	1
4	118	0
4	119	0
4	120	0
4	121	1
4	122	0
4	123	0
4	124	0
4	125	1
4	126	0
4	127	0
4	128	0
4	129	0
4	130	0
4	131	0
4	132	0
4	133	1
4	134	0
4	135	0
4	136	0
4	137	0
4	138	0
4	139	0
4	140	1
4	141	1
4	142	1
4	143	0
4	144	1
4	145	0
4	146	0
4	147	0
4	148	0
4	149	1
4	150	0
4	151	0
4	152	1
4	153	0
4	154	1
4	155	0
4	156	0
4	157	0
4	158	0
4	159	0
4	160	1
4	161	0
4	162	0
4	163	0
4	164	0
4	165	0
4	166	1
4	167	0
4	168	1
4	169	0
4	170	1
4	171	0
4	172	0
4	173	1
4	174	0
4	175	0
4	176	0
4	177	0
4	178	0
4	179	0
4	180	0
4	181	0
4	182	0
4	183	0
4	184	0
4	185	0
4	186	0
4	187	0
4	188	0
4	189	1
4	190	0
4	191	0
4	192	0
4	193	0
4	194	0
4	195	0
4	196	0
4	197	1
4	198	0
4	199	0
4	200	0
4	201	0
4	202	0
4	203	0
4	204	0
4	205	0
4	206	0
4	207	0
4	208	0
4	209	1
4	210	0
4	211	0
4	212	1
4	213	0
4	214	1
4	215	0
4	216	0
4	217	0
4	218	1
4	219	1
4	220	0
4	221	0
4	222	0
4	223	0
4	224	0
4	225	0
4	226	1
4	227	0
4	228	1
4	229	0
4	230	0
4	231	0
4	232	0
4	233	0
4	234	0
4	235	0
4	236	0
4	237	0
4	238	0
4	239	0
4	240	1
4	241	0
4	242	0
4	243	0
4	244	0
4	245	0
4	246	0
4	247	0
4	248	0
4	249	1
4	250	0
4	251	0
4	252	1
4	253	0
4	254	0
4	255	0
4	256	1
4	257	0
4	258	1
4	259	0
4	260	1
4	261	0
4	262	1
4	263	0
4	264	1
4	265	0
4	266	1
4	267	0
4	268	1
4	269	0
4	270	0
4	271	0
4	272	1
4	273	0
4	274	1
4	275	0
4	276	1
4	277	0
4	278	0
4	279	0
4	280	1
4	281	0
4	282	0
4	283	0
4	284	1
4	285	0
4	286	0
4	287	0
4	288	1
4	289	0
4	290	1
4	291	0
4	292	0
4	293	1
4	294	0
4	295	0
4	296	0
4	297	0
4	298	1
4	299	0
4	300	1
4	301	0
4	302	1
4	303	0
4	304	1
4	305	0
4	306	0
4	307	0
4	308	1
4	309	1
4	310	1
4	311	0
4	312	1
4	313	0
4	314	1
4	315	0
4	316	1
4	317	0
4	318	1
4	319	0
4	320	0
4	321	1
4	322	1
4	323	0
4	324	1
4	325	0
4	326	1
4	327	0
4	328	1
4	329	1
4	330	0
4	331	0
4	332	0
4	333	1
4	334	0
4	335	0
4	336	1
4	337	1
4	338	0
4	339	0
4	340	1
4	341	1
4	342	1
4	343	0
4	344	1
4	345	0
4	346	0
4	347	0
4	348	0
4	349	1
4	350	1
4	351	0
4	352	1
4	353	0
4	354	1
4	355	0
4	356	1
4	357	1
4	358	1
4	359	0
4	360	0
4	361	1
4	362	0
4	363	0
4	364	1
4	365	0
4	366	1
4	367	0
4	368	1
4	369	1
4	370	1
4	371	0
4	372	1
4	373	0
4	374	1
4	375	0
4	376	1
4	377	0
4	378	1
4	379	0
4	380	0
4	381	1
4	382	0
4	383	0
4	384	0
4	385	0
4	386	0
4	387	0
4	388	1
4	389	1
4	390	0
4	391	0
4	392	1
4	393	1
4	394	0
4	395	0
4	396	0
4	397	1
4	398	0
4	399	0
4	400	0
4	401	1
4	402	1
4	403	0
4	404	0
4	405	1
4	406	0
4	407	0
4	408	0
4	409	1
4	410	0
4	411	0
4	412	0
4	413	1
4	414	1
4	415	0
4	416	1
4	417	1
4	418	0
4	419	0
4	420	1
4	421	1
4	422	0
4	423	0
4	424	0
4	425	0
4	426	1
4	427	0
4	428	1
4	429	0
4	430	1
4	431	0
4	432	0
4	433	1
4	434	0
4	435	0
4	436	1
4	437	0
4	438	1
4	439	0
4	440	1
4	441	1
4	442	0
4	443	0
4	444	0
4	445	1
4	446	0
4	447	0
4	448	0
4	449	0
4	450	0
4	451	0
4	452	0
4	453	1
4	454	1
4	455	0
4	456	1
4	457	1
4	458	0
4	459	0
4	460	0
4	461	1
4	462	0
4	463	0
4	464	0
4	465	1
4	466	1
4	467	0
4	468	0
4	469	1
4	470	1
4	471	0
4	472	0
4	473	1
4	474	0
4	475	0
4	476	1
4	477	1
4	478	0
4	479	0
4	480	1
4	481	0
4	482	1
4	483	0
4	484	1
4	485	1
4	486	1
4	487	0
4	488	0
4	489	1
4	490	0
4	491	0
4	492	1
4	493	0
4	494	1
4	495	0
4	496	1
4	497	1
4	498	1
4	499	0
4	500	1
4	501	0
4	502	1
4	503	0
4	504	1
4	505	0
4	506	1
4	507	0
4	508	0
4	509	1
4	510	0
4	511	0
5	0	1
5	1	1
5	2	0
5	3	1
5	4	0
5	5	1
5	6	1
5	7	1
5	8	0
5	9	0
5	10	1
5	11	1
5	12	1
5	13	0
5	14	0
5	15	0
5	16	1
5	17	1
5	18	1
5	19	0
5	20	0
5	21	0
5	22	0
5	23	0
5	24	0
5	25	0
5	26	0
5	27	0
5	28	0
5	29	0
5	30	0
5	31	0
5	32	0
5	33	1
5	34	0
5	35	0
5	36	0
5	37	0
5	38	0
5	39	0
5	40	0
5	41	0
5	42	0
5	43	0
5	44	0
5	45	1
5	46	0
5	47	0
5	48	0
5	49	1
5	50	0
5	51	0
5	52	0
5	53	1
5	54	0
5	55	0
5	56	0
5	57	0
5	58	0
5	59	0
5	60	0
5	61	1
5	62	0
5	63	0
5	64	0
5	65	0
5	66	0
5	67	0
5	68	1
5	69	0
5	70	1
5	71	1
5	72	0
5	73	0
5	74	1
5	75	0
5	76	0
5	77	1
5	78	0
5	79	1
5	80	0
5	81	0
5	82	0
5	83	0
5	84	0
5	85	0
5	86	0
5	87	0
5	88	0
5	89	0
5	90	0
5	91	0
5	92	0
5	93	0
5	94	0
5	95	0
5	96	0
5	97	1
5	98	0
5	99	0
5	100	0
5	101	1
5	102	0
5	103	0
5	104	0
5	105	1
5	106	0
5	107	0
5	108	0
5	109	0
5	110	0
5	111	0
5	112	0
5	113	0
5	114	0
5	115	0
5	116	0
5	117	1
5	118	0
5	119	0
5	120	0
5	121	1
5	122	0
5	123	0
5	124	0
5	125	1
5	126	0
5	127	0
5	128	0
5	129	0
5	130	0
5	131	0
5	132	0
5	133	1
5	134	0
5	135	0
5	136	0
5	137	0
5	138	0
5	139	0
5	140	1
5	141	1
5	142	1
5	143	0
5	144	1
5	145	0
5	146	0
5	147	0
5	148	0
5	149	1
5	150	0
5	151	0
5	152	1
5	153	0
5	154	1
5	155	0
5	156	0
5	157	0
5	158	0
5	159	0
5	160	1
5	161	0
5	162	0
5	163	0
5	164	0
5	165	0
5	166	1
5	167	0
5	168	1
5	169	0
5	170	1
5	171	0
5	172	0
5	173	1
5	174	0
5	175	0
5	176	0
5	177	0
5	178	0
5	179	0
5	180	0
5	181	0
5	182	0
5	183	0
5	184	0
5	185	0
5	186	0
5	187	0
5	188	0
5	189	1
5	190	0
5	191	0
5	192	0
5	193	0
5	194	0
5	195	0
5	196	0
5	197	1
5	198	0
5	199	0
5	200	0
5	201	0
5	202	0
5	203	0
5	204	0
5	205	0
5	206	0
5	207	0
5	208	0
5	209	1
5	210	0
5	211	0
5	212	1
5	213	0
5	214	1
5	215	0
5	216	0
5	217	0
5	218	1
5	219	1
5	220	0
5	221	0
5	222	0
5	223	0
5	224	0
5	225	0
5	226	1
5	227	0
5	228	1
5	229	0
5	230	0
5	231	0
5	232	0
5	233	0
5	234	0
5	235	0
5	236	0
5	237	0
5	238	0
5	239	0
5	240	1
5	241	0
5	242	0
5	243	0
5	244	0
5	245	0
5	246	0
5	247	0
5	248	0
5	249	1
5	250	0
5	251	0
5	252	1
5	253	0
5	254	0
5	255	0
5	256	1
5	257	0
5	258	1
5	259	0
5	260	1
5	261	0
5	262	1
5	263	0
5	264	1
5	265	0
5	266	1
5	267	0
5	268	1
5	269	0
5	270	0
5	271	0
5	272	1
5	273	0
5	274	1
5	275	0
5	276	1
5	277	0
5	278	0
5	279	0
5	280	1
5	281	0
5	282	0
5	283	0
5	284	1
5	285	0
5	286	0
5	287	0
5	288	1
5	289	0
5	290	1
5	291	0
5	292	0
5	293	1
5	294	0
5	295	0
5	296	0
5	297	0
5	298	1
5	299	0
5	300	1
5	301	0
5	302	1
5	303	0
5	304	1
5	305	0
5	306	0
5	307	0
5	308	1
5	309	1
5	310	1
5	311	0
5	312	1
5	313	0
5	314	1
5	315	0
5	316	1
5	317	0
5	318	1
5	319	0
5	320	0
5	321	1
5	322	1
5	323	0
5	324	1
5	325	0
5	326	1
5	327	0
5	328	1
5	329	1
5	330	0
5	331	0
5	332	0
5	333	1
5	334	0
5	335	0
5	336	1
5	337	1
5	338	0
5	339	0
5	340	1
5	341	1
5	342	1
5	343	0
5	344	1
5	345	0
5	346	0
5	347	0
5	348	0
5	349	1
5	350	1
5	351	0
5	352	1
5	353	0
5	354	1
5	355	0
5	356	1
5	357	1
5	358	1
5	359	0
5	360	0
5	361	1
5	362	0
5	363	0
5	364	1
5	365	0
5	366	1
5	367	0
5	368	1
5	369	1
5	370	1
5	371	0
5	372	1
5	373	0
5	374	1
5	375	0
5	376	1
5	377	0
5	378	1
5	379	0
5	380	0
5	381	1
5	382	0
5	383	0
5	384	0
5	385	0
5	386	0
5	387	0
5	388	1
5	389	1
5	390	0
5	391	0
5	392	1
5	393	1
5	394	0
5	395	0
5	396	0
5	397	1
5	398	0
5	399	0
5	400	0
5	401	1
5	402	1
5	403	0
5	404	0
5	405	1
5	406	0
5	407	0
5	408	0
5	409	1
5	410	0
5	411	0
5	412	0
5	413	1
5	414	1
5	415	0
5	416	1
5	417	1
5	418	0
5	419	0
5	420	1
5	421	1
5	422	0
5	423	0
5	424	0
5	425	0
5	426	1
5	427	0
5	428	1
5	429	0
5	430	1
5	431	0
5	432	0
5	433	1
5	434	0
5	435	0
5	436	1
5	437	0
5	438	1
5	439	0
5	440	1
5	441	1
5	442	0
5	443	0
5	444	0
5	445	1
5	446	0
5	447	0
5	448	0
5	449	0
5	450	0
5	451	0
5	452	0
5	453	1
5	454	1
5	455	0
5	456	1
5	457	1
5	458	0
5	459	0
5	460	0
5	461	1
5	462	0
5	463	0
5	464	0
5	465	1
5	466	1
5	467	0
5	468	0
5	469	1
5	470	1
5	471	0
5	472	0
5	473	1
5	474	0
5	475	0
5	476	1
5	477	1
5	478	0
5	479	0
5	480	1
5	481	0
5	482	1
5	483	0
5	484	1
5	485	1
5	486	1
5	487	0
5	488	0
5	489	1
5	490	0
5	491	0
5	492	1
5	493	0
5	494	1
5	495	0
5	496	1
5	497	1
5	498	1
5	499	0
5	500	1
5	501	0
5	502	1
5	503	0
5	504	1
5	505	0
5	506	1
5	507	0
5	508	0
5	509	1
5	510	0
5	511	0
6	0	0
6	1	1
6	2	1
6	3	1
6	4	0
6	5	1
6	6	0
6	7	0
6	8	1
6	9	1
6	10	1
6	11	1
6	12	0
6	13	1
6	14	0
6	15	1
6	16	0
6	17	1
6	18	0
6	19	0
6	20	1
6	21	1
6	22	1
6	23	0
6	24	0
6	25	1
6	26	0
6	27	0
6	28	1
6	29	1
6	30	1
6	31	1
6	32	0
6	33	1
6	34	0
6	35	0
6	36	0
6	37	1
6	38	1
6	39	1
6	40	1
6	41	1
6	42	0
6	43	0
6	44	1
6	45	1
6	46	0
6	47	0
6	48	0
6	49	1
6	50	1
6	51	1
6	52	0
6	53	1
6	54	1
6	55	1
6	56	1
6	57	1
6	58	1
6	59	1
6	60	1
6	61	1
6	62	0
6	63	0
6	64	1
6	65	1
6	66	0
6	67	1
6	68	0
6	69	0
6	70	0
6	71	1
6	72	0
6	73	1
6	74	0
6	75	1
6	76	1
6	77	1
6	78	1
6	79	0
6	80	0
6	81	0
6	82	0
6	83	0
6	84	0
6	85	0
6	86	0
6	87	0
6	88	0
6	89	0
6	90	0
6	91	0
6	92	0
6	93	0
6	94	0
6	95	0
6	96	0
6	97	1
6	98	0
6	99	0
6	100	0
6	101	1
6	102	0
6	103	0
6	104	0
6	105	1
6	106	0
6	107	0
6	108	0
6	109	0
6	110	0
6	111	0
6	112	0
6	113	0
6	114	0
6	115	0
6	116	0
6	117	1
6	118	0
6	119	0
6	120	0
6	121	1
6	122	0
6	123	0
6	124	0
6	125	1
6	126	0
6	127	0
6	128	0
6	129	0
6	130	0
6	131	0
6	132	0
6	133	1
6	134	0
6	135	0
6	136	0
6	137	0
6	138	0
6	139	0
6	140	1
6	141	0
6	142	1
6	143	0
6	144	0
6	145	1
6	146	0
6	147	0
6	148	0
6	149	1
6	150	0
6	151	0
6	152	0
6	153	1
6	154	0
6	155	0
6	156	0
6	157	0
6	158	0
6	159	0
6	160	1
6	161	0
6	162	0
6	163	0
6	164	0
6	165	0
6	166	1
6	167	0
6	168	0
6	169	1
6	170	0
6	171	0
6	172	1
6	173	1
6	174	1
6	175	0
6	176	0
6	177	0
6	178	0
6	179	0
6	180	1
6	181	1
6	182	1
6	183	0
6	184	0
6	185	0
6	186	0
6	187	0
6	188	0
6	189	1
6	190	0
6	191	0
6	192	0
6	193	0
6	194	0
6	195	0
6	196	0
6	197	0
6	198	0
6	199	0
6	200	0
6	201	0
6	202	0
6	203	0
6	204	0
6	205	0
6	206	0
6	207	0
6	208	0
6	209	0
6	210	0
6	211	0
6	212	0
6	213	0
6	214	0
6	215	0
6	216	0
6	217	0
6	218	0
6	219	0
6	220	0
6	221	0
6	222	0
6	223	0
6	224	0
6	225	0
6	226	0
6	227	0
6	228	0
6	229	0
6	230	0
6	231	0
6	232	0
6	233	0
6	234	0
6	235	0
6	236	0
6	237	0
6	238	0
6	239	0
6	240	0
6	241	0
6	242	0
6	243	0
6	244	0
6	245	0
6	246	0
6	247	0
6	248	0
6	249	0
6	250	0
6	251	0
6	252	0
6	253	0
6	254	0
6	255	0
6	256	1
6	257	1
6	258	1
6	259	0
6	260	1
6	261	1
6	262	1
6	263	0
6	264	1
6	265	1
6	266	0
6	267	0
6	268	1
6	269	0
6	270	0
6	271	0
6	272	1
6	273	0
6	274	1
6	275	0
6	276	1
6	277	1
6	278	0
6	279	0
6	280	1
6	281	1
6	282	0
6	283	0
6	284	1
6	285	0
6	286	1
6	287	0
6	288	1
6	289	1
6	290	1
6	291	0
6	292	0
6	293	1
6	294	0
6	295	0
6	296	0
6	297	0
6	298	1
6	299	0
6	300	1
6	301	1
6	302	0
6	303	0
6	304	1
6	305	0
6	306	0
6	307	0
6	308	1
6	309	0
6	310	1
6	311	0
6	312	1
6	313	0
6	314	1
6	315	0
6	316	1
6	317	0
6	318	1
6	319	0
6	320	0
6	321	0
6	322	0
6	323	0
6	324	0
6	325	0
6	326	0
6	327	0
6	328	0
6	329	0
6	330	0
6	331	0
6	332	0
6	333	0
6	334	0
6	335	0
6	336	0
6	337	0
6	338	0
6	339	0
6	340	0
6	341	0
6	342	0
6	343	0
6	344	0
6	345	0
6	346	0
6	347	0
6	348	0
6	349	0
6	350	0
6	351	0
6	352	0
6	353	0
6	354	0
6	355	0
6	356	0
6	357	0
6	358	0
6	359	0
6	360	0
6	361	0
6	362	0
6	363	0
6	364	0
6	365	0
6	366	0
6	367	0
6	368	0
6	369	0
6	370	0
6	371	0
6	372	0
6	373	0
6	374	0
6	375	0
6	376	0
6	377	0
6	378	0
6	379	0
6	380	0
6	381	0
6	382	0
6	383	0
6	384	0
6	385	0
6	386	0
6	387	0
6	388	0
6	389	0
6	390	1
6	391	0
6	392	1
6	393	0
6	394	1
6	395	0
6	396	1
6	397	0
6	398	1
6	399	0
6	400	1
6	401	0
6	402	1
6	403	0
6	404	1
6	405	0
6	406	1
6	407	0
6	408	1
6	409	1
6	410	1
6	411	0
6	412	1
6	413	0
6	414	1
6	415	0
6	416	1
6	417	0
6	418	1
6	419	0
6	420	0
6	421	1
6	422	0
6	423	0
6	424	0
6	425	0
6	426	1
6	427	0
6	428	1
6	429	0
6	430	1
6	431	0
6	432	0
6	433	1
6	434	0
6	435	0
6	436	1
6	437	1
6	438	1
6	439	0
6	440	1
6	441	0
6	442	1
6	443	0
6	444	1
6	445	0
6	446	1
6	447	0
6	448	0
6	449	0
6	450	0
6	451	0
6	452	0
6	453	0
6	454	0
6	455	0
6	456	0
6	457	0
6	458	0
6	459	0
6	460	0
6	461	0
6	462	0
6	463	0
6	464	0
6	465	0
6	466	0
6	467	0
6	468	0
6	469	0
6	470	0
6	471	0
6	472	0
6	473	0
6	474	0
6	475	0
6	476	0
6	477	0
6	478	0
6	479	0
6	480	0
6	481	0
6	482	0
6	483	0
6	484	0
6	485	0
6	486	0
6	487	0
6	488	0
6	489	0
6	490	0
6	491	0
6	492	0
6	493	0
6	494	0
6	495	0
6	496	0
6	497	0
6	498	0
6	499	0
6	500	0
6	501	0
6	502	0
6	503	0
6	504	0
6	505	0
6	506	0
6	507	0
6	508	0
6	509	0
6	510	0
6	511	0
7	0	0
7	1	1
7	2	1
7	3	1
7	4	0
7	5	1
7	6	0
7	7	0
7	8	1
7	9	1
7	10	1
7	11	1
7	12	0
7	13	1
7	14	0
7	15	1
7	16	0
7	17	1
7	18	0
7	19	0
7	20	1
7	21	1
7	22	1
7	23	0
7	24	0
7	25	1
7	26	0
7	27	0
7	28	1
7	29	1
7	30	1
7	31	1
7	32	0
7	33	1
7	34	0
7	35	0
7	36	0
7	37	1
7	38	1
7	39	1
7	40	1
7	41	1
7	42	0
7	43	0
7	44	1
7	45	1
7	46	0
7	47	0
7	48	0
7	49	1
7	50	1
7	51	1
7	52	0
7	53	1
7	54	1
7	55	1
7	56	1
7	57	1
7	58	1
7	59	1
7	60	1
7	61	1
7	62	0
7	63	0
7	64	1
7	65	1
7	66	0
7	67	1
7	68	0
7	69	0
7	70	0
7	71	1
7	72	0
7	73	1
7	74	0
7	75	1
7	76	1
7	77	1
7	78	1
7	79	0
7	80	0
7	81	0
7	82	0
7	83	0
7	84	0
7	85	0
7	86	0
7	87	0
7	88	0
7	89	0
7	90	0
7	91	0
7	92	0
7	93	0
7	94	0
7	95	0
7	96	0
7	97	1
7	98	0
7	99	0
7	100	0
7	101	1
7	102	0
7	103	0
7	104	0
7	105	1
7	106	0
7	107	0
7	108	0
7	109	0
7	110	0
7	111	0
7	112	0
7	113	0
7	114	0
7	115	0
7	116	0
7	117	1
7	118	0
7	119	0
7	120	0
7	121	1
7	122	0
7	123	0
7	124	0
7	125	1
7	126	0
7	127	0
7	128	0
7	129	0
7	130	0
7	131	0
7	132	0
7	133	1
7	134	0
7	135	0
7	136	0
7	137	0
7	138	0
7	139	0
7	140	1
7	141	0
7	142	1
7	143	0
7	144	0
7	145	1
7	146	0
7	147	0
7	148	0
7	149	1
7	150	0
7	151	0
7	152	0
7	153	1
7	154	0
7	155	0
7	156	0
7	157	0
7	158	0
7	159	0
7	160	1
7	161	0
7	162	0
7	163	0
7	164	0
7	165	0
7	166	1
7	167	0
7	168	0
7	169	1
7	170	0
7	171	0
7	172	1
7	173	1
7	174	1
7	175	0
7	176	0
7	177	0
7	178	0
7	179	0
7	180	1
7	181	1
7	182	1
7	183	0
7	184	0
7	185	0
7	186	0
7	187	0
7	188	0
7	189	1
7	190	0
7	191	0
7	192	0
7	193	0
7	194	0
7	195	0
7	196	0
7	197	0
7	198	0
7	199	0
7	200	0
7	201	0
7	202	0
7	203	0
7	204	0
7	205	0
7	206	0
7	207	0
7	208	0
7	209	0
7	210	0
7	211	0
7	212	0
7	213	0
7	214	0
7	215	0
7	216	0
7	217	0
7	218	0
7	219	0
7	220	0
7	221	0
7	222	0
7	223	0
7	224	0
7	225	0
7	226	0
7	227	0
7	228	0
7	229	0
7	230	0
7	231	0
7	232	0
7	233	0
7	234	0
7	235	0
7	236	0
7	237	0
7	238	0
7	239	0
7	240	0
7	241	0
7	242	0
7	243	0
7	244	0
7	245	0
7	246	0
7	247	0
7	248	0
7	249	0
7	250	0
7	251	0
7	252	0
7	253	0
7	254	0
7	255	0
7	256	1
7	257	1
7	258	1
7	259	0
7	260	1
7	261	1
7	262	1
7	263	0
7	264	1
7	265	1
7	266	0
7	267	0
7	268	1
7	269	0
7	270	0
7	271	0
7	272	1
7	273	0
7	274	1
7	275	0
7	276	1
7	277	1
7	278	0
7	279	0
7	280	1
7	281	1
7	282	0
7	283	0
7	284	1
7	285	0
7	286	1
7	287	0
7	288	1
7	289	1
7	290	1
7	291	0
7	292	0
7	293	1
7	294	0
7	295	0
7	296	0
7	297	0
7	298	1
7	299	0
7	300	1
7	301	1
7	302	0
7	303	0
7	304	1
7	305	0
7	306	0
7	307	0
7	308	1
7	309	0
7	310	1
7	311	0
7	312	1
7	313	0
7	314	1
7	315	0
7	316	1
7	317	0
7	318	1
7	319	0
7	320	0
7	321	0
7	322	0
7	323	0
7	324	0
7	325	0
7	326	0
7	327	0
7	328	0
7	329	0
7	330	0
7	331	0
7	332	0
7	333	0
7	334	0
7	335	0
7	336	0
7	337	0
7	338	0
7	339	0
7	340	0
7	341	0
7	342	0
7	343	0
7	344	0
7	345	0
7	346	0
7	347	0
7	348	0
7	349	0
7	350	0
7	351	0
7	352	0
7	353	0
7	354	0
7	355	0
7	356	0
7	357	0
7	358	0
7	359	0
7	360	0
7	361	0
7	362	0
7	363	0
7	364	0
7	365	0
7	366	0
7	367	0
7	368	0
7	369	0
7	370	0
7	371	0
7	372	0
7	373	0
7	374	0
7	375	0
7	376	0
7	377	0
7	378	0
7	379	0
7	380	0
7	381	0
7	382	0
7	383	0
7	384	0
7	385	0
7	386	0
7	387	0
7	388	0
7	389	0
7	390	1
7	391	0
7	392	1
7	393	0
7	394	1
7	395	0
7	396	1
7	397	0
7	398	1
7	399	0
7	400	1
7	401	0
7	402	1
7	403	0
7	404	1
7	405	0
7	406	1
7	407	0
7	408	1
7	409	1
7	410	1
7	411	0
7	412	1
7	413	0
7	414	1
7	415	0
7	416	1
7	417	0
7	418	1
7	419	0
7	420	0
7	421	1
7	422	0
7	423	0
7	424	0
7	425	0
7	426	1
7	427	0
7	428	1
7	429	0
7	430	1
7	431	0
7	432	0
7	433	1
7	434	0
7	435	0
7	436	1
7	437	1
7	438	1
7	439	0
7	440	1
7	441	0
7	442	1
7	443	0
7	444	1
7	445	0
7	446	1
7	447	0
7	448	0
7	449	0
7	450	0
7	451	0
7	452	0
7	453	0
7	454	0
7	455	0
7	456	0
7	457	0
7	458	0
7	459	0
7	460	0
7	461	0
7	462	0
7	463	0
7	464	0
7	465	0
7	466	0
7	467	0
7	468	0
7	469	0
7	470	0
7	471	0
7	472	0
7	473	0
7	474	0
7	475	0
7	476	0
7	477	0
7	478	0
7	479	0
7	480	0
7	481	0
7	482	0
7	483	0
7	484	0
7	485	0
7	486	0
7	487	0
7	488	0
7	489	0
7	490	0
7	491	0
7	492	0
7	493	0
7	494	0
7	495	0
7	496	0
7	497	0
7	498	0
7	499	0
7	500	0
7	501	0
7	502	0
7	503	0
7	504	0
7	505	0
7	506	0
7	507	0
7	508	0
7	509	0
7	510	0
7	511	0
