Value	BitNum	Word	WordVal	WordHex
1	0	0	1	
0	1	0	2	
1	2	0	5	
1	3	0	11	
0	4	0	22	
1	5	0	45	
1	6	0	91	
1	7	0	183	
1	8	0	367	
0	9	0	734	
0	10	0	1468	
1	11	0	2937	
1	12	0	5875	
1	13	0	11751	
1	14	0	23503	
0	15	0	47006	0xB79E
0	0	1	0	
0	1	1	0	
1	2	1	1	
1	3	1	3	
1	4	1	7	
0	5	1	14	
0	6	1	28	
0	7	1	56	
1	8	1	113	
0	9	1	226	
0	10	1	452	
0	11	1	904	
1	12	1	1809	
1	13	1	3619	
1	14	1	7239	
0	15	1	14478	0x388E
0	0	2	0	
1	1	2	1	
1	2	2	3	
1	3	2	7	
0	4	2	14	
0	5	2	28	
1	6	2	57	
0	7	2	114	
0	8	2	228	
0	9	2	456	
1	10	2	913	
0	11	2	1826	
1	12	2	3653	
1	13	2	7307	
0	14	2	14614	
0	15	2	29228	0x722C
0	0	3	0	
1	1	3	1	
1	2	3	3	
1	3	3	7	
0	4	3	14	
1	5	3	29	
0	6	3	58	
1	7	3	117	
1	8	3	235	
1	9	3	471	
1	10	3	943	
1	11	3	1887	
0	12	3	3774	
1	13	3	7549	
0	14	3	15098	
0	15	3	30196	0x75F4
0	0	4	0	
0	1	4	0	
0	2	4	0	
1	3	4	1	
1	4	4	3	
0	5	4	6	
0	6	4	12	
1	7	4	25	
1	8	4	51	
0	9	4	102	
1	10	4	205	
1	11	4	411	
1	12	4	823	
0	13	4	1646	
1	14	4	3293	
1	15	4	6587	0x19BB
0	0	5	0	
1	1	5	1	
1	2	5	3	
1	3	5	7	
1	4	5	15	
1	5	5	31	
1	6	5	63	
1	7	5	127	
1	8	5	255	
0	9	5	510	
0	10	5	1020	
0	11	5	2040	
1	12	5	4081	
1	13	5	8163	
1	14	5	16327	
1	15	5	32655	0x7F8F
1	0	6	1	
0	1	6	2	
0	2	6	4	
0	3	6	8	
0	4	6	16	
1	5	6	33	
0	6	6	66	
1	7	6	133	
1	8	6	267	
1	9	6	535	
1	10	6	1071	
1	11	6	2143	
1	12	6	4287	
0	13	6	8574	
0	14	6	17148	
1	15	6	34297	0x85F9
1	0	7	1	
0	1	7	2	
1	2	7	5	
1	3	7	11	
0	4	7	22	
0	5	7	44	
0	6	7	88	
1	7	7	177	
0	8	7	354	
1	9	7	709	
0	10	7	1418	
1	11	7	2837	
1	12	7	5675	
0	13	7	11350	
0	14	7	22700	
0	15	7	45400	0xB158
0	0	8	0	
0	1	8	0	
1	2	8	1	
0	3	8	2	
0	4	8	4	
1	5	8	9	
0	6	8	18	
0	7	8	36	
0	8	8	72	
0	9	8	144	
1	10	8	289	
0	11	8	578	
1	12	8	1157	
1	13	8	2315	
1	14	8	4631	
0	15	8	9262	0x242E
0	0	9	0	
0	1	9	0	
1	2	9	1	
0	3	9	2	
0	4	9	4	
1	5	9	9	
0	6	9	18	
0	7	9	36	
0	8	9	72	
0	9	9	144	
0	10	9	288	
0	11	9	576	
0	12	9	1152	
0	13	9	2304	
0	14	9	4608	
0	15	9	9216	0x2400
0	0	10	0	
0	1	10	0	
0	2	10	0	
0	3	10	0	
1	4	10	1	
0	5	10	2	
0	6	10	4	
0	7	10	8	
0	8	10	16	
0	9	10	32	
1	10	10	65	
0	11	10	130	
1	12	10	261	
0	13	10	522	
1	14	10	1045	
0	15	10	2090	0x82A
0	0	11	0	
0	1	11	0	
0	2	11	0	
0	3	11	0	
1	4	11	1	
0	5	11	2	
0	6	11	4	
0	7	11	8	
0	8	11	16	
0	9	11	32	
0	10	11	64	
0	11	11	128	
0	12	11	256	
0	13	11	512	
0	14	11	1024	
0	15	11	2048	0x800
0	0	12	0	
0	1	12	0	
0	2	12	0	
0	3	12	0	
0	4	12	0	
0	5	12	0	
0	6	12	0	
0	7	12	0	
0	8	12	0	
0	9	12	0	
0	10	12	0	
0	11	12	0	
1	12	12	1	
0	13	12	2	
0	14	12	4	
0	15	12	8	0x8
0	0	13	0	
0	1	13	0	
0	2	13	0	
0	3	13	0	
0	4	13	0	
0	5	13	0	
0	6	13	0	
0	7	13	0	
0	8	13	0	
0	9	13	0	
0	10	13	0	
0	11	13	0	
0	12	13	0	
0	13	13	0	
0	14	13	0	
0	15	13	0	0x0
0	0	14	0	
0	1	14	0	
0	2	14	0	
0	3	14	0	
1	4	14	1	
0	5	14	2	
0	6	14	4	
0	7	14	8	
0	8	14	16	
0	9	14	32	
0	10	14	64	
0	11	14	128	
1	12	14	257	
0	13	14	514	
0	14	14	1028	
0	15	14	2056	0x808
0	0	15	0	
0	1	15	0	
0	2	15	0	
0	3	15	0	
1	4	15	1	
0	5	15	2	
0	6	15	4	
0	7	15	8	
0	8	15	16	
0	9	15	32	
0	10	15	64	
0	11	15	128	
1	12	15	257	
0	13	15	514	
0	14	15	1028	
0	15	15	2056	0x808
0	0	16	0	
0	1	16	0	
0	2	16	0	
0	3	16	0	
0	4	16	0	
0	5	16	0	
0	6	16	0	
0	7	16	0	
1	8	16	1	
1	9	16	3	
1	10	16	7	
1	11	16	15	
1	12	16	31	
1	13	16	63	
1	14	16	127	
1	15	16	255	0xFF
0	0	17	0	
0	1	17	0	
0	2	17	0	
0	3	17	0	
0	4	17	0	
0	5	17	0	
0	6	17	0	
0	7	17	0	
0	8	17	0	
0	9	17	0	
0	10	17	0	
0	11	17	0	
0	12	17	0	
0	13	17	0	
0	14	17	0	
0	15	17	0	0x0
0	0	18	0	
0	1	18	0	
0	2	18	0	
0	3	18	0	
0	4	18	0	
0	5	18	0	
0	6	18	0	
0	7	18	0	
1	8	18	1	
1	9	18	3	
1	10	18	7	
1	11	18	15	
1	12	18	31	
0	13	18	62	
0	14	18	124	
0	15	18	248	0xF8
0	0	19	0	
0	1	19	0	
0	2	19	0	
0	3	19	0	
1	4	19	1	
0	5	19	2	
0	6	19	4	
0	7	19	8	
0	8	19	16	
0	9	19	32	
0	10	19	64	
0	11	19	128	
1	12	19	257	
0	13	19	514	
0	14	19	1028	
0	15	19	2056	0x808
0	0	20	0	
0	1	20	0	
0	2	20	0	
0	3	20	0	
1	4	20	1	
0	5	20	2	
0	6	20	4	
0	7	20	8	
1	8	20	17	
1	9	20	35	
1	10	20	71	
1	11	20	143	
1	12	20	287	
0	13	20	574	
0	14	20	1148	
0	15	20	2296	0x8F8
0	0	21	0	
0	1	21	0	
0	2	21	0	
0	3	21	0	
0	4	21	0	
0	5	21	0	
0	6	21	0	
0	7	21	0	
0	8	21	0	
0	9	21	0	
0	10	21	0	
0	11	21	0	
0	12	21	0	
0	13	21	0	
0	14	21	0	
0	15	21	0	0x0
0	0	22	0	
0	1	22	0	
0	2	22	0	
0	3	22	0	
1	4	22	1	
0	5	22	2	
0	6	22	4	
0	7	22	8	
0	8	22	16	
0	9	22	32	
0	10	22	64	
0	11	22	128	
1	12	22	257	
1	13	22	515	
1	14	22	1031	
1	15	22	2063	0x80F
0	0	23	0	
0	1	23	0	
0	2	23	0	
0	3	23	0	
0	4	23	0	
0	5	23	0	
0	6	23	0	
0	7	23	0	
0	8	23	0	
0	9	23	0	
0	10	23	0	
0	11	23	0	
0	12	23	0	
0	13	23	0	
0	14	23	0	
0	15	23	0	0x0
0	0	24	0	
0	1	24	0	
0	2	24	0	
0	3	24	0	
0	4	24	0	
0	5	24	0	
0	6	24	0	
0	7	24	0	
0	8	24	0	
0	9	24	0	
0	10	24	0	
0	11	24	0	
1	12	24	1	
1	13	24	3	
1	14	24	7	
1	15	24	15	0xF
0	0	25	0	
0	1	25	0	
0	2	25	0	
0	3	25	0	
1	4	25	1	
0	5	25	2	
0	6	25	4	
0	7	25	8	
0	8	25	16	
0	9	25	32	
0	10	25	64	
0	11	25	128	
1	12	25	257	
0	13	25	514	
0	14	25	1028	
0	15	25	2056	0x808
0	0	26	0	
0	1	26	0	
0	2	26	0	
0	3	26	0	
0	4	26	0	
0	5	26	0	
0	6	26	0	
0	7	26	0	
1	8	26	1	
1	9	26	3	
1	10	26	7	
1	11	26	15	
1	12	26	31	
1	13	26	63	
1	14	26	127	
1	15	26	255	0xFF
0	0	27	0	
0	1	27	0	
0	2	27	0	
0	3	27	0	
1	4	27	1	
0	5	27	2	
0	6	27	4	
0	7	27	8	
0	8	27	16	
0	9	27	32	
0	10	27	64	
0	11	27	128	
1	12	27	257	
0	13	27	514	
0	14	27	1028	
0	15	27	2056	0x808
0	0	28	0	
0	1	28	0	
0	2	28	0	
0	3	28	0	
1	4	28	1	
0	5	28	2	
0	6	28	4	
0	7	28	8	
1	8	28	17	
1	9	28	35	
1	10	28	71	
1	11	28	143	
1	12	28	287	
0	13	28	574	
0	14	28	1148	
0	15	28	2296	0x8F8
0	0	29	0	
0	1	29	0	
0	2	29	0	
0	3	29	0	
1	4	29	1	
0	5	29	2	
0	6	29	4	
0	7	29	8	
0	8	29	16	
0	9	29	32	
0	10	29	64	
0	11	29	128	
1	12	29	257	
0	13	29	514	
0	14	29	1028	
0	15	29	2056	0x808
0	0	30	0	
0	1	30	0	
0	2	30	0	
0	3	30	0	
1	4	30	1	
0	5	30	2	
0	6	30	4	
0	7	30	8	
1	8	30	17	
1	9	30	35	
1	10	30	71	
1	11	30	143	
1	12	30	287	
1	13	30	575	
1	14	30	1151	
1	15	30	2303	0x8FF
0	0	31	0	
0	1	31	0	
0	2	31	0	
0	3	31	0	
0	4	31	0	
0	5	31	0	
0	6	31	0	
0	7	31	0	
0	8	31	0	
0	9	31	0	
0	10	31	0	
0	11	31	0	
0	12	31	0	
0	13	31	0	
0	14	31	0	
0	15	31	0	0x0
0	0	32	0	
0	1	32	0	
0	2	32	0	
0	3	32	0	
1	4	32	1	
0	5	32	2	
0	6	32	4	
0	7	32	8	
0	8	32	16	
0	9	32	32	
0	10	32	64	
0	11	32	128	
1	12	32	257	
1	13	32	515	
1	14	32	1031	
1	15	32	2063	0x80F
0	0	33	0	
0	1	33	0	
0	2	33	0	
0	3	33	0	
1	4	33	1	
0	5	33	2	
0	6	33	4	
0	7	33	8	
0	8	33	16	
0	9	33	32	
0	10	33	64	
0	11	33	128	
1	12	33	257	
0	13	33	514	
0	14	33	1028	
0	15	33	2056	0x808
0	0	34	0	
0	1	34	0	
0	2	34	0	
0	3	34	0	
1	4	34	1	
0	5	34	2	
0	6	34	4	
0	7	34	8	
1	8	34	17	
1	9	34	35	
1	10	34	71	
1	11	34	143	
1	12	34	287	
1	13	34	575	
1	14	34	1151	
1	15	34	2303	0x8FF
0	0	35	0	
0	1	35	0	
0	2	35	0	
0	3	35	0	
1	4	35	1	
0	5	35	2	
0	6	35	4	
0	7	35	8	
0	8	35	16	
0	9	35	32	
0	10	35	64	
0	11	35	128	
1	12	35	257	
0	13	35	514	
0	14	35	1028	
0	15	35	2056	0x808
0	0	36	0	
1	1	36	1	
1	2	36	3	
0	3	36	6	
0	4	36	12	
1	5	36	25	
1	6	36	51	
0	7	36	102	
0	8	36	204	
0	9	36	408	
1	10	36	817	
1	11	36	1635	
0	12	36	3270	
0	13	36	6540	
1	14	36	13081	
1	15	36	26163	0x6633
1	0	37	1	
0	1	37	2	
0	2	37	4	
1	3	37	9	
1	4	37	19	
0	5	37	38	
0	6	37	76	
1	7	37	153	
1	8	37	307	
1	9	37	615	
0	10	37	1230	
0	11	37	2460	
1	12	37	4921	
1	13	37	9843	
0	14	37	19686	
0	15	37	39372	0x99CC
1	0	38	1	
0	1	38	2	
0	2	38	4	
1	3	38	9	
1	4	38	19	
0	5	38	38	
0	6	38	76	
1	7	38	153	
0	8	38	306	
0	9	38	612	
1	10	38	1225	
1	11	38	2451	
0	12	38	4902	
0	13	38	9804	
1	14	38	19609	
1	15	38	39219	0x9933
0	0	39	0	
1	1	39	1	
1	2	39	3	
0	3	39	6	
0	4	39	12	
1	5	39	25	
1	6	39	51	
0	7	39	102	
1	8	39	205	
1	9	39	411	
0	10	39	822	
0	11	39	1644	
1	12	39	3289	
1	13	39	6579	
0	14	39	13158	
0	15	39	26316	0x66CC
1	0	40	1	
1	1	40	3	
1	2	40	7	
1	3	40	15	
1	4	40	31	
1	5	40	63	
1	6	40	127	
0	7	40	254	
1	8	40	509	
1	9	40	1019	
1	10	40	2039	
1	11	40	4079	
1	12	40	8159	
0	13	40	16318	
0	14	40	32636	
0	15	40	65272	0xFEF8
1	0	41	1	
1	1	41	3	
1	2	41	7	
0	3	41	14	
0	4	41	28	
0	5	41	56	
0	6	41	112	
0	7	41	224	
1	8	41	449	
0	9	41	898	
0	10	41	1796	
0	11	41	3592	
0	12	41	7184	
0	13	41	14368	
0	14	41	28736	
0	15	41	57472	0xE080
0	0	42	0	
1	1	42	1	
1	2	42	3	
1	3	42	7	
1	4	42	15	
1	5	42	31	
1	6	42	63	
1	7	42	127	
0	8	42	254	
0	9	42	508	
0	10	42	1016	
1	11	42	2033	
1	12	42	4067	
1	13	42	8135	
1	14	42	16271	
1	15	42	32543	0x7F1F
0	0	43	0	
0	1	43	0	
0	2	43	0	
0	3	43	0	
0	4	43	0	
1	5	43	1	
1	6	43	3	
1	7	43	7	
0	8	43	14	
0	9	43	28	
0	10	43	56	
0	11	43	112	
0	12	43	224	
0	13	43	448	
0	14	43	896	
1	15	43	1793	0x701
0	0	44	0	
0	1	44	0	
0	2	44	0	
0	3	44	0	
0	4	44	0	
0	5	44	0	
0	6	44	0	
1	7	44	1	
0	8	44	2	
0	9	44	4	
0	10	44	8	
0	11	44	16	
0	12	44	32	
1	13	44	65	
1	14	44	131	
1	15	44	263	0x107
0	0	45	0	
0	1	45	0	
0	2	45	0	
1	3	45	1	
1	4	45	3	
1	5	45	7	
1	6	45	15	
1	7	45	31	
0	8	45	62	
1	9	45	125	
1	10	45	251	
1	11	45	503	
1	12	45	1007	
1	13	45	2015	
1	14	45	4031	
1	15	45	8063	0x1F7F
1	0	46	1	
0	1	46	2	
0	2	46	4	
0	3	46	8	
0	4	46	16	
0	5	46	32	
0	6	46	64	
0	7	46	128	
1	8	46	257	
1	9	46	515	
1	10	46	1031	
0	11	46	2062	
0	12	46	4124	
0	13	46	8248	
0	14	46	16496	
0	15	46	32992	0x80E0
1	0	47	1	
1	1	47	3	
1	2	47	7	
1	3	47	15	
1	4	47	31	
0	5	47	62	
0	6	47	124	
0	7	47	248	
1	8	47	497	
1	9	47	995	
1	10	47	1991	
1	11	47	3983	
1	12	47	7967	
1	13	47	15935	
1	14	47	31871	
0	15	47	63742	0xF8FE
0	0	48	0	
1	1	48	1	
0	2	48	2	
1	3	48	5	
0	4	48	10	
1	5	48	21	
0	6	48	42	
1	7	48	85	
0	8	48	170	
0	9	48	340	
0	10	48	680	
0	11	48	1360	
0	12	48	2720	
0	13	48	5440	
0	14	48	10880	
0	15	48	21760	0x5500
1	0	49	1	
0	1	49	2	
1	2	49	5	
0	3	49	10	
1	4	49	21	
0	5	49	42	
1	6	49	85	
0	7	49	170	
0	8	49	340	
0	9	49	680	
0	10	49	1360	
0	11	49	2720	
0	12	49	5440	
0	13	49	10880	
0	14	49	21760	
0	15	49	43520	0xAA00
0	0	50	0	
1	1	50	1	
0	2	50	2	
1	3	50	5	
0	4	50	10	
1	5	50	21	
0	6	50	42	
1	7	50	85	
1	8	50	171	
0	9	50	342	
1	10	50	685	
0	11	50	1370	
1	12	50	2741	
0	13	50	5482	
1	14	50	10965	
0	15	50	21930	0x55AA
0	0	51	0	
1	1	51	1	
0	2	51	2	
1	3	51	5	
0	4	51	10	
1	5	51	21	
0	6	51	42	
1	7	51	85	
1	8	51	171	
0	9	51	342	
1	10	51	685	
0	11	51	1370	
1	12	51	2741	
0	13	51	5482	
1	14	51	10965	
0	15	51	21930	0x55AA
1	0	52	1	
1	1	52	3	
1	2	52	7	
1	3	52	15	
1	4	52	31	
1	5	52	63	
1	6	52	127	
1	7	52	255	
1	8	52	511	
0	9	52	1022	
1	10	52	2045	
0	11	52	4090	
1	12	52	8181	
0	13	52	16362	
1	14	52	32725	
0	15	52	65450	0xFFAA
1	0	53	1	
1	1	53	3	
1	2	53	7	
1	3	53	15	
1	4	53	31	
1	5	53	63	
1	6	53	127	
1	7	53	255	
0	8	53	510	
1	9	53	1021	
0	10	53	2042	
1	11	53	4085	
0	12	53	8170	
1	13	53	16341	
0	14	53	32682	
1	15	53	65365	0xFF55
0	0	54	0	
0	1	54	0	
0	2	54	0	
0	3	54	0	
1	4	54	1	
1	5	54	3	
1	6	54	7	
1	7	54	15	
0	8	54	30	
0	9	54	60	
0	10	54	120	
0	11	54	240	
1	12	54	481	
1	13	54	963	
1	14	54	1927	
1	15	54	3855	0xF0F
0	0	55	0	
0	1	55	0	
0	2	55	0	
0	3	55	0	
1	4	55	1	
1	5	55	3	
1	6	55	7	
1	7	55	15	
0	8	55	30	
0	9	55	60	
0	10	55	120	
0	11	55	240	
1	12	55	481	
1	13	55	963	
1	14	55	1927	
1	15	55	3855	0xF0F
1	0	56	1	
1	1	56	3	
1	2	56	7	
1	3	56	15	
0	4	56	30	
0	5	56	60	
0	6	56	120	
0	7	56	240	
1	8	56	481	
1	9	56	963	
1	10	56	1927	
1	11	56	3855	
0	12	56	7710	
0	13	56	15420	
0	14	56	30840	
0	15	56	61680	0xF0F0
1	0	57	1	
1	1	57	3	
1	2	57	7	
1	3	57	15	
0	4	57	30	
0	5	57	60	
0	6	57	120	
0	7	57	240	
1	8	57	481	
1	9	57	963	
1	10	57	1927	
1	11	57	3855	
0	12	57	7710	
0	13	57	15420	
0	14	57	30840	
0	15	57	61680	0xF0F0
0	0	58	0	
0	1	58	0	
0	2	58	0	
0	3	58	0	
0	4	58	0	
0	5	58	0	
0	6	58	0	
0	7	58	0	
0	8	58	0	
0	9	58	0	
0	10	58	0	
0	11	58	0	
0	12	58	0	
0	13	58	0	
0	14	58	0	
0	15	58	0	0x0
1	0	59	1	
1	1	59	3	
1	2	59	7	
1	3	59	15	
1	4	59	31	
1	5	59	63	
1	6	59	127	
1	7	59	255	
1	8	59	511	
1	9	59	1023	
1	10	59	2047	
1	11	59	4095	
1	12	59	8191	
1	13	59	16383	
1	14	59	32767	
1	15	59	65535	0xFFFF
1	0	60	1	
1	1	60	3	
1	2	60	7	
1	3	60	15	
1	4	60	31	
1	5	60	63	
1	6	60	127	
1	7	60	255	
1	8	60	511	
1	9	60	1023	
1	10	60	2047	
1	11	60	4095	
1	12	60	8191	
1	13	60	16383	
1	14	60	32767	
1	15	60	65535	0xFFFF
0	0	61	0	
0	1	61	0	
0	2	61	0	
0	3	61	0	
0	4	61	0	
0	5	61	0	
0	6	61	0	
0	7	61	0	
0	8	61	0	
0	9	61	0	
0	10	61	0	
0	11	61	0	
0	12	61	0	
0	13	61	0	
0	14	61	0	
0	15	61	0	0x0
1	0	62	1	
1	1	62	3	
1	2	62	7	
1	3	62	15	
1	4	62	31	
1	5	62	63	
1	6	62	127	
1	7	62	255	
1	8	62	511	
1	9	62	1023	
1	10	62	2047	
1	11	62	4095	
1	12	62	8191	
1	13	62	16383	
1	14	62	32767	
1	15	62	65535	0xFFFF
1	0	63	1	
1	1	63	3	
1	2	63	7	
1	3	63	15	
1	4	63	31	
1	5	63	63	
1	6	63	127	
1	7	63	255	
1	8	63	511	
1	9	63	1023	
1	10	63	2047	
1	11	63	4095	
1	12	63	8191	
1	13	63	16383	
1	14	63	32767	
1	15	63	65535	0xFFFF
0	0	64	0	
0	1	64	0	
0	2	64	0	
0	3	64	0	
0	4	64	0	
0	5	64	0	
0	6	64	0	
0	7	64	0	
0	8	64	0	
0	9	64	0	
0	10	64	0	
0	11	64	0	
0	12	64	0	
0	13	64	0	
0	14	64	0	
0	15	64	0	0x0
0	0	65	0	
0	1	65	0	
0	2	65	0	
0	3	65	0	
0	4	65	0	
0	5	65	0	
0	6	65	0	
0	7	65	0	
0	8	65	0	
0	9	65	0	
0	10	65	0	
0	11	65	0	
0	12	65	0	
0	13	65	0	
0	14	65	0	
0	15	65	0	0x0
0	0	66	0	
0	1	66	0	
0	2	66	0	
0	3	66	0	
0	4	66	0	
0	5	66	0	
0	6	66	0	
0	7	66	0	
0	8	66	0	
1	9	66	1	
0	10	66	2	
1	11	66	5	
1	12	66	11	
1	13	66	23	
1	14	66	47	
1	15	66	95	0x5F
0	0	67	0	
0	1	67	0	
0	2	67	0	
0	3	67	0	
0	4	67	0	
0	5	67	0	
0	6	67	0	
0	7	67	0	
0	8	67	0	
0	9	67	0	
0	10	67	0	
0	11	67	0	
0	12	67	0	
0	13	67	0	
0	14	67	0	
0	15	67	0	0x0
0	0	68	0	
0	1	68	0	
0	2	68	0	
0	3	68	0	
0	4	68	0	
0	5	68	0	
1	6	68	1	
1	7	68	3	
0	8	68	6	
0	9	68	12	
0	10	68	24	
0	11	68	48	
0	12	68	96	
0	13	68	192	
0	14	68	384	
0	15	68	768	0x300
0	0	69	0	
0	1	69	0	
0	2	69	0	
0	3	69	0	
0	4	69	0	
0	5	69	0	
1	6	69	1	
1	7	69	3	
0	8	69	6	
0	9	69	12	
0	10	69	24	
0	11	69	48	
0	12	69	96	
0	13	69	192	
0	14	69	384	
0	15	69	768	0x300
0	0	70	0	
0	1	70	0	
1	2	70	1	
1	3	70	3	
1	4	70	7	
1	5	70	15	
1	6	70	31	
0	7	70	62	
0	8	70	124	
0	9	70	248	
0	10	70	496	
1	11	70	993	
0	12	70	1986	
1	13	70	3973	
0	14	70	7946	
0	15	70	15892	0x3E14
0	0	71	0	
0	1	71	0	
1	2	71	1	
1	3	71	3	
1	4	71	7	
1	5	71	15	
1	6	71	31	
0	7	71	62	
0	8	71	124	
0	9	71	248	
0	10	71	496	
0	11	71	992	
0	12	71	1984	
0	13	71	3968	
0	14	71	7936	
0	15	71	15872	0x3E00
0	0	72	0	
0	1	72	0	
1	2	72	1	
0	3	72	2	
0	4	72	4	
1	5	72	9	
1	6	72	19	
0	7	72	38	
0	8	72	76	
1	9	72	153	
1	10	72	307	
0	11	72	614	
1	12	72	1229	
0	13	72	2458	
1	14	72	4917	
1	15	72	9835	0x266B
0	0	73	0	
0	1	73	0	
1	2	73	1	
1	3	73	3	
0	4	73	6	
0	5	73	12	
1	6	73	25	
0	7	73	50	
0	8	73	100	
0	9	73	200	
0	10	73	400	
0	11	73	800	
0	12	73	1600	
0	13	73	3200	
0	14	73	6400	
0	15	73	12800	0x3200
0	0	74	0	
1	1	74	1	
1	2	74	3	
0	3	74	6	
0	4	74	12	
0	5	74	24	
0	6	74	48	
1	7	74	97	
0	8	74	194	
0	9	74	388	
0	10	74	776	
1	11	74	1553	
1	12	74	3107	
1	13	74	6215	
0	14	74	12430	
0	15	74	24860	0x611C
0	0	75	0	
1	1	75	1	
0	2	75	2	
0	3	75	4	
0	4	75	8	
0	5	75	16	
1	6	75	33	
1	7	75	67	
0	8	75	134	
0	9	75	268	
0	10	75	536	
0	11	75	1072	
0	12	75	2144	
0	13	75	4288	
0	14	75	8576	
0	15	75	17152	0x4300
0	0	76	0	
0	1	76	0	
1	2	76	1	
1	3	76	3	
0	4	76	6	
1	5	76	13	
1	6	76	27	
0	7	76	54	
0	8	76	108	
0	9	76	216	
1	10	76	433	
0	11	76	866	
1	12	76	1733	
0	13	76	3466	
0	14	76	6932	
1	15	76	13865	0x3629
0	0	77	0	
1	1	77	1	
1	2	77	3	
1	3	77	7	
0	4	77	14	
1	5	77	29	
1	6	77	59	
0	7	77	118	
0	8	77	236	
1	9	77	473	
0	10	77	946	
1	11	77	1893	
0	12	77	3786	
0	13	77	7572	
0	14	77	15144	
0	15	77	30288	0x7650
0	0	78	0	
0	1	78	0	
0	2	78	0	
0	3	78	0	
0	4	78	0	
0	5	78	0	
0	6	78	0	
0	7	78	0	
0	8	78	0	
0	9	78	0	
0	10	78	0	
0	11	78	0	
0	12	78	0	
0	13	78	0	
1	14	78	1	
0	15	78	2	0x2
0	0	79	0	
0	1	79	0	
0	2	79	0	
0	3	79	0	
0	4	79	0	
0	5	79	0	
0	6	79	0	
1	7	79	1	
0	8	79	2	
0	9	79	4	
0	10	79	8	
0	11	79	16	
0	12	79	32	
0	13	79	64	
0	14	79	128	
0	15	79	256	0x100
0	0	80	0	
0	1	80	0	
0	2	80	0	
1	3	80	1	
1	4	80	3	
1	5	80	7	
0	6	80	14	
0	7	80	28	
0	8	80	56	
0	9	80	112	
1	10	80	225	
0	11	80	450	
0	12	80	900	
0	13	80	1800	
1	14	80	3601	
0	15	80	7202	0x1C22
0	0	81	0	
1	1	81	1	
0	2	81	2	
0	3	81	4	
0	4	81	8	
0	5	81	16	
0	6	81	32	
1	7	81	65	
0	8	81	130	
0	9	81	260	
0	10	81	520	
0	11	81	1040	
0	12	81	2080	
0	13	81	4160	
0	14	81	8320	
0	15	81	16640	0x4100
0	0	82	0	
1	1	82	1	
0	2	82	2	
0	3	82	4	
0	4	82	8	
0	5	82	16	
0	6	82	32	
1	7	82	65	
0	8	82	130	
0	9	82	260	
1	10	82	521	
0	11	82	1042	
0	12	82	2084	
0	13	82	4168	
1	14	82	8337	
0	15	82	16674	0x4122
0	0	83	0	
0	1	83	0	
0	2	83	0	
1	3	83	1	
1	4	83	3	
1	5	83	7	
0	6	83	14	
0	7	83	28	
0	8	83	56	
0	9	83	112	
0	10	83	224	
0	11	83	448	
0	12	83	896	
0	13	83	1792	
0	14	83	3584	
0	15	83	7168	0x1C00
0	0	84	0	
0	1	84	0	
0	2	84	0	
1	3	84	1	
0	4	84	2	
1	5	84	5	
0	6	84	10	
0	7	84	20	
0	8	84	40	
0	9	84	80	
0	10	84	160	
0	11	84	320	
1	12	84	641	
0	13	84	1282	
0	14	84	2564	
0	15	84	5128	0x1408
0	0	85	0	
0	1	85	0	
0	2	85	0	
1	3	85	1	
0	4	85	2	
1	5	85	5	
0	6	85	10	
0	7	85	20	
0	8	85	40	
0	9	85	80	
0	10	85	160	
0	11	85	320	
0	12	85	640	
0	13	85	1280	
0	14	85	2560	
0	15	85	5120	0x1400
0	0	86	0	
0	1	86	0	
0	2	86	0	
0	3	86	0	
1	4	86	1	
0	5	86	2	
0	6	86	4	
0	7	86	8	
0	8	86	16	
0	9	86	32	
0	10	86	64	
1	11	86	129	
1	12	86	259	
1	13	86	519	
0	14	86	1038	
0	15	86	2076	0x81C
0	0	87	0	
0	1	87	0	
0	2	87	0	
0	3	87	0	
1	4	87	1	
0	5	87	2	
0	6	87	4	
0	7	87	8	
0	8	87	16	
0	9	87	32	
0	10	87	64	
0	11	87	128	
0	12	87	256	
0	13	87	512	
0	14	87	1024	
0	15	87	2048	0x800
0	0	88	0	
1	1	88	1	
0	2	88	2	
0	3	88	4	
0	4	88	8	
0	5	88	16	
0	6	88	32	
0	7	88	64	
0	8	88	128	
0	9	88	256	
1	10	88	513	
0	11	88	1026	
0	12	88	2052	
0	13	88	4104	
0	14	88	8208	
0	15	88	16416	0x4020
0	0	89	0	
0	1	89	0	
0	2	89	0	
0	3	89	0	
0	4	89	0	
0	5	89	0	
0	6	89	0	
0	7	89	0	
0	8	89	0	
0	9	89	0	
0	10	89	0	
0	11	89	0	
0	12	89	0	
0	13	89	0	
0	14	89	0	
0	15	89	0	0x0
0	0	90	0	
0	1	90	0	
0	2	90	0	
0	3	90	0	
1	4	90	1	
0	5	90	2	
0	6	90	4	
0	7	90	8	
0	8	90	16	
0	9	90	32	
0	10	90	64	
0	11	90	128	
1	12	90	257	
0	13	90	514	
0	14	90	1028	
0	15	90	2056	0x808
0	0	91	0	
0	1	91	0	
0	2	91	0	
0	3	91	0	
1	4	91	1	
0	5	91	2	
0	6	91	4	
0	7	91	8	
0	8	91	16	
0	9	91	32	
0	10	91	64	
0	11	91	128	
0	12	91	256	
0	13	91	512	
0	14	91	1024	
0	15	91	2048	0x800
0	0	92	0	
0	1	92	0	
0	2	92	0	
0	3	92	0	
0	4	92	0	
0	5	92	0	
0	6	92	0	
0	7	92	0	
0	8	92	0	
1	9	92	1	
0	10	92	2	
0	11	92	4	
0	12	92	8	
0	13	92	16	
0	14	92	32	
0	15	92	64	0x40
0	0	93	0	
0	1	93	0	
0	2	93	0	
0	3	93	0	
0	4	93	0	
0	5	93	0	
0	6	93	0	
0	7	93	0	
0	8	93	0	
0	9	93	0	
0	10	93	0	
0	11	93	0	
0	12	93	0	
0	13	93	0	
0	14	93	0	
0	15	93	0	0x0
0	0	94	0	
1	1	94	1	
1	2	94	3	
0	3	94	6	
0	4	94	12	
0	5	94	24	
0	6	94	48	
0	7	94	96	
0	8	94	192	
0	9	94	384	
0	10	94	768	
1	11	94	1537	
1	12	94	3075	
1	13	94	6151	
0	14	94	12302	
0	15	94	24604	0x601C
0	0	95	0	
0	1	95	0	
0	2	95	0	
0	3	95	0	
0	4	95	0	
0	5	95	0	
1	6	95	1	
1	7	95	3	
0	8	95	6	
0	9	95	12	
0	10	95	24	
0	11	95	48	
0	12	95	96	
0	13	95	192	
0	14	95	384	
0	15	95	768	0x300
0	0	96	0	
0	1	96	0	
1	2	96	1	
1	3	96	3	
1	4	96	7	
1	5	96	15	
1	6	96	31	
0	7	96	62	
0	8	96	124	
1	9	96	249	
0	10	96	498	
0	11	96	996	
1	12	96	1993	
0	13	96	3986	
0	14	96	7972	
1	15	96	15945	0x3E49
0	0	97	0	
0	1	97	0	
1	2	97	1	
1	3	97	3	
1	4	97	7	
1	5	97	15	
1	6	97	31	
0	7	97	62	
0	8	97	124	
0	9	97	248	
0	10	97	496	
0	11	97	992	
0	12	97	1984	
0	13	97	3968	
0	14	97	7936	
0	15	97	15872	0x3E00
0	0	98	0	
1	1	98	1	
0	2	98	2	
0	3	98	4	
0	4	98	8	
0	5	98	16	
1	6	98	33	
0	7	98	66	
0	8	98	132	
1	9	98	265	
1	10	98	531	
1	11	98	1063	
1	12	98	2127	
1	13	98	4255	
1	14	98	8511	
1	15	98	17023	0x427F
0	0	99	0	
1	1	99	1	
0	2	99	2	
0	3	99	4	
0	4	99	8	
0	5	99	16	
0	6	99	32	
0	7	99	64	
0	8	99	128	
0	9	99	256	
0	10	99	512	
0	11	99	1024	
0	12	99	2048	
0	13	99	4096	
0	14	99	8192	
0	15	99	16384	0x4000
0	0	100	0	
1	1	100	1	
1	2	100	3	
0	3	100	6	
0	4	100	12	
0	5	100	24	
1	6	100	49	
0	7	100	98	
0	8	100	196	
1	9	100	393	
0	10	100	786	
1	11	100	1573	
1	12	100	3147	
0	13	100	6294	
0	14	100	12588	
1	15	100	25177	0x6259
0	0	101	0	
1	1	101	1	
0	2	101	2	
0	3	101	4	
0	4	101	8	
1	5	101	17	
1	6	101	35	
0	7	101	70	
0	8	101	140	
0	9	101	280	
0	10	101	560	
0	11	101	1120	
0	12	101	2240	
0	13	101	4480	
0	14	101	8960	
0	15	101	17920	0x4600
0	0	102	0	
0	1	102	0	
1	2	102	1	
0	3	102	2	
0	4	102	4	
0	5	102	8	
1	6	102	17	
0	7	102	34	
0	8	102	68	
1	9	102	137	
0	10	102	274	
0	11	102	548	
1	12	102	1097	
0	13	102	2194	
0	14	102	4388	
1	15	102	8777	0x2249
0	0	103	0	
0	1	103	0	
1	2	103	1	
1	3	103	3	
0	4	103	6	
1	5	103	13	
1	6	103	27	
0	7	103	54	
0	8	103	108	
0	9	103	216	
0	10	103	432	
0	11	103	864	
0	12	103	1728	
0	13	103	3456	
0	14	103	6912	
0	15	103	13824	0x3600
0	0	104	0	
0	1	104	0	
0	2	104	0	
0	3	104	0	
1	4	104	1	
1	5	104	3	
1	6	104	7	
1	7	104	15	
0	8	104	30	
0	9	104	60	
0	10	104	120	
0	11	104	240	
1	12	104	481	
0	13	104	962	
0	14	104	1924	
0	15	104	3848	0xF08
0	0	105	0	
1	1	105	1	
1	2	105	3	
1	3	105	7	
1	4	105	15	
1	5	105	31	
1	6	105	63	
1	7	105	127	
0	8	105	254	
0	9	105	508	
0	10	105	1016	
0	11	105	2032	
0	12	105	4064	
0	13	105	8128	
0	14	105	16256	
0	15	105	32512	0x7F00
0	0	106	0	
0	1	106	0	
1	2	106	1	
0	3	106	2	
0	4	106	4	
1	5	106	9	
1	6	106	19	
1	7	106	39	
0	8	106	78	
1	9	106	157	
0	10	106	314	
0	11	106	628	
0	12	106	1256	
1	13	106	2513	
0	14	106	5026	
1	15	106	10053	0x2745
0	0	107	0	
0	1	107	0	
1	2	107	1	
1	3	107	3	
1	4	107	7	
0	5	107	14	
0	6	107	28	
1	7	107	57	
0	8	107	114	
0	9	107	228	
0	10	107	456	
0	11	107	912	
0	12	107	1824	
0	13	107	3648	
0	14	107	7296	
0	15	107	14592	0x3900
0	0	108	0	
0	1	108	0	
1	2	108	1	
1	3	108	3	
1	4	108	7	
1	5	108	15	
1	6	108	31	
0	7	108	62	
0	8	108	124	
1	9	108	249	
0	10	108	498	
0	11	108	996	
1	12	108	1993	
0	13	108	3986	
0	14	108	7972	
1	15	108	15945	0x3E49
0	0	109	0	
0	1	109	0	
1	2	109	1	
1	3	109	3	
0	4	109	6	
0	5	109	12	
1	6	109	25	
0	7	109	50	
0	8	109	100	
0	9	109	200	
0	10	109	400	
0	11	109	800	
0	12	109	1600	
0	13	109	3200	
0	14	109	6400	
0	15	109	12800	0x3200
0	0	110	0	
1	1	110	1	
1	2	110	3	
0	3	110	6	
0	4	110	12	
0	5	110	24	
0	6	110	48	
1	7	110	97	
0	8	110	194	
0	9	110	388	
0	10	110	776	
1	11	110	1553	
1	12	110	3107	
0	13	110	6214	
0	14	110	12428	
1	15	110	24857	0x6119
0	0	111	0	
0	1	111	0	
0	2	111	0	
0	3	111	0	
0	4	111	0	
1	5	111	1	
1	6	111	3	
1	7	111	7	
0	8	111	14	
0	9	111	28	
0	10	111	56	
0	11	111	112	
0	12	111	224	
0	13	111	448	
0	14	111	896	
0	15	111	1792	0x700
0	0	112	0	
0	1	112	0	
1	2	112	1	
1	3	112	3	
0	4	112	6	
1	5	112	13	
1	6	112	27	
0	7	112	54	
0	8	112	108	
1	9	112	217	
0	10	112	434	
0	11	112	868	
1	12	112	1737	
0	13	112	3474	
0	14	112	6948	
1	15	112	13897	0x3649
0	0	113	0	
0	1	113	0	
1	2	113	1	
1	3	113	3	
0	4	113	6	
1	5	113	13	
1	6	113	27	
0	7	113	54	
0	8	113	108	
0	9	113	216	
0	10	113	432	
0	11	113	864	
0	12	113	1728	
0	13	113	3456	
0	14	113	6912	
0	15	113	13824	0x3600
0	0	114	0	
0	1	114	0	
1	2	114	1	
0	3	114	2	
0	4	114	4	
1	5	114	9	
1	6	114	19	
0	7	114	38	
0	8	114	76	
1	9	114	153	
0	10	114	306	
0	11	114	612	
1	12	114	1225	
0	13	114	2450	
0	14	114	4900	
1	15	114	9801	0x2649
0	0	115	0	
0	1	115	0	
1	2	115	1	
1	3	115	3	
1	4	115	7	
1	5	115	15	
1	6	115	31	
0	7	115	62	
0	8	115	124	
0	9	115	248	
0	10	115	496	
0	11	115	992	
0	12	115	1984	
0	13	115	3968	
0	14	115	7936	
0	15	115	15872	0x3E00
0	0	116	0	
0	1	116	0	
0	2	116	0	
0	3	116	0	
0	4	116	0	
0	5	116	0	
0	6	116	0	
0	7	116	0	
0	8	116	0	
0	9	116	0	
1	10	116	1	
0	11	116	2	
0	12	116	4	
1	13	116	9	
0	14	116	18	
0	15	116	36	0x24
0	0	117	0	
0	1	117	0	
0	2	117	0	
0	3	117	0	
0	4	117	0	
0	5	117	0	
0	6	117	0	
0	7	117	0	
0	8	117	0	
0	9	117	0	
0	10	117	0	
0	11	117	0	
0	12	117	0	
0	13	117	0	
0	14	117	0	
0	15	117	0	0x0
0	0	118	0	
1	1	118	1	
0	2	118	2	
0	3	118	4	
0	4	118	8	
0	5	118	16	
0	6	118	32	
0	7	118	64	
0	8	118	128	
0	9	118	256	
1	10	118	513	
0	11	118	1026	
0	12	118	2052	
1	13	118	4105	
0	14	118	8210	
0	15	118	16420	0x4024
0	0	119	0	
0	1	119	0	
0	2	119	0	
0	3	119	0	
0	4	119	0	
0	5	119	0	
0	6	119	0	
0	7	119	0	
0	8	119	0	
0	9	119	0	
0	10	119	0	
0	11	119	0	
0	12	119	0	
0	13	119	0	
0	14	119	0	
0	15	119	0	0x0
0	0	120	0	
0	1	120	0	
0	2	120	0	
0	3	120	0	
1	4	120	1	
0	5	120	2	
0	6	120	4	
0	7	120	8	
0	8	120	16	
0	9	120	32	
0	10	120	64	
1	11	120	129	
0	12	120	258	
1	13	120	517	
0	14	120	1034	
0	15	120	2068	0x814
0	0	121	0	
0	1	121	0	
1	2	121	1	
0	3	121	2	
0	4	121	4	
0	5	121	8	
1	6	121	17	
0	7	121	34	
0	8	121	68	
1	9	121	137	
0	10	121	274	
0	11	121	548	
0	12	121	1096	
0	13	121	2192	
0	14	121	4384	
1	15	121	8769	0x2241
0	0	122	0	
0	1	122	0	
0	2	122	0	
1	3	122	1	
0	4	122	2	
1	5	122	5	
0	6	122	10	
0	7	122	20	
0	8	122	40	
0	9	122	80	
0	10	122	160	
1	11	122	321	
0	12	122	642	
1	13	122	1285	
0	14	122	2570	
0	15	122	5140	0x1414
0	0	123	0	
0	1	123	0	
0	2	123	0	
1	3	123	1	
0	4	123	2	
1	5	123	5	
0	6	123	10	
0	7	123	20	
0	8	123	40	
0	9	123	80	
0	10	123	160	
0	11	123	320	
0	12	123	640	
0	13	123	1280	
0	14	123	2560	
0	15	123	5120	0x1400
0	0	124	0	
1	1	124	1	
0	2	124	2	
0	3	124	4	
0	4	124	8	
0	5	124	16	
0	6	124	32	
1	7	124	65	
0	8	124	130	
0	9	124	260	
1	10	124	521	
0	11	124	1042	
0	12	124	2084	
0	13	124	4168	
1	14	124	8337	
0	15	124	16674	0x4122
0	0	125	0	
0	1	125	0	
0	2	125	0	
1	3	125	1	
0	4	125	2	
1	5	125	5	
0	6	125	10	
0	7	125	20	
0	8	125	40	
0	9	125	80	
0	10	125	160	
0	11	125	320	
1	12	125	641	
0	13	125	1282	
0	14	125	2564	
0	15	125	5128	0x1408
0	0	126	0	
0	1	126	0	
0	2	126	0	
0	3	126	0	
0	4	126	0	
0	5	126	0	
1	6	126	1	
0	7	126	2	
0	8	126	4	
1	9	126	9	
0	10	126	18	
1	11	126	37	
1	12	126	75	
0	13	126	150	
0	14	126	300	
1	15	126	601	0x259
0	0	127	0	
0	1	127	0	
0	2	127	0	
0	3	127	0	
0	4	127	0	
1	5	127	1	
1	6	127	3	
0	7	127	6	
0	8	127	12	
0	9	127	24	
0	10	127	48	
0	11	127	96	
0	12	127	192	
0	13	127	384	
0	14	127	768	
0	15	127	1536	0x600
0	0	128	0	
0	1	128	0	
1	2	128	1	
1	3	128	3	
1	4	128	7	
1	5	128	15	
1	6	128	31	
0	7	128	62	
0	8	128	124	
1	9	128	249	
0	10	128	498	
1	11	128	997	
1	12	128	1995	
0	13	128	3990	
0	14	128	7980	
1	15	128	15961	0x3E59
0	0	129	0	
1	1	129	1	
0	2	129	2	
1	3	129	5	
1	4	129	11	
1	5	129	23	
1	6	129	47	
0	7	129	94	
0	8	129	188	
0	9	129	376	
0	10	129	752	
0	11	129	1504	
0	12	129	3008	
0	13	129	6016	
0	14	129	12032	
0	15	129	24064	0x5E00
0	0	130	0	
1	1	130	1	
1	2	130	3	
1	3	130	7	
1	4	130	15	
1	5	130	31	
1	6	130	63	
0	7	130	126	
0	8	130	252	
0	9	130	504	
0	10	130	1008	
0	11	130	2016	
1	12	130	4033	
0	13	130	8066	
0	14	130	16132	
1	15	130	32265	0x7E09
0	0	131	0	
1	1	131	1	
1	2	131	3	
1	3	131	7	
1	4	131	15	
1	5	131	31	
1	6	131	63	
0	7	131	126	
0	8	131	252	
0	9	131	504	
0	10	131	1008	
0	11	131	2016	
0	12	131	4032	
0	13	131	8064	
0	14	131	16128	
0	15	131	32256	0x7E00
0	0	132	0	
1	1	132	1	
1	2	132	3	
1	3	132	7	
1	4	132	15	
1	5	132	31	
1	6	132	63	
1	7	132	127	
0	8	132	254	
1	9	132	509	
0	10	132	1018	
0	11	132	2036	
1	12	132	4073	
0	13	132	8146	
0	14	132	16292	
1	15	132	32585	0x7F49
0	0	133	0	
0	1	133	0	
1	2	133	1	
1	3	133	3	
0	4	133	6	
1	5	133	13	
1	6	133	27	
0	7	133	54	
0	8	133	108	
0	9	133	216	
0	10	133	432	
0	11	133	864	
0	12	133	1728	
0	13	133	3456	
0	14	133	6912	
0	15	133	13824	0x3600
0	0	134	0	
0	1	134	0	
1	2	134	1	
1	3	134	3	
1	4	134	7	
1	5	134	15	
1	6	134	31	
0	7	134	62	
0	8	134	124	
1	9	134	249	
0	10	134	498	
0	11	134	996	
0	12	134	1992	
0	13	134	3984	
0	14	134	7968	
1	15	134	15937	0x3E41
0	0	135	0	
0	1	135	0	
1	2	135	1	
0	3	135	2	
0	4	135	4	
0	5	135	8	
1	6	135	17	
0	7	135	34	
0	8	135	68	
0	9	135	136	
0	10	135	272	
0	11	135	544	
0	12	135	1088	
0	13	135	2176	
0	14	135	4352	
0	15	135	8704	0x2200
0	0	136	0	
1	1	136	1	
1	2	136	3	
1	3	136	7	
1	4	136	15	
1	5	136	31	
1	6	136	63	
1	7	136	127	
0	8	136	254	
1	9	136	509	
0	10	136	1018	
0	11	136	2036	
0	12	136	4072	
0	13	136	8144	
0	14	136	16288	
1	15	136	32577	0x7F41
0	0	137	0	
0	1	137	0	
1	2	137	1	
1	3	137	3	
1	4	137	7	
1	5	137	15	
1	6	137	31	
0	7	137	62	
0	8	137	124	
0	9	137	248	
0	10	137	496	
0	11	137	992	
0	12	137	1984	
0	13	137	3968	
0	14	137	7936	
0	15	137	15872	0x3E00
0	0	138	0	
1	1	138	1	
1	2	138	3	
1	3	138	7	
1	4	138	15	
1	5	138	31	
1	6	138	63	
1	7	138	127	
0	8	138	254	
1	9	138	509	
0	10	138	1018	
0	11	138	2036	
1	12	138	4073	
0	13	138	8146	
0	14	138	16292	
1	15	138	32585	0x7F49
0	0	139	0	
1	1	139	1	
0	2	139	2	
0	3	139	4	
0	4	139	8	
0	5	139	16	
0	6	139	32	
1	7	139	65	
0	8	139	130	
0	9	139	260	
0	10	139	520	
0	11	139	1040	
0	12	139	2080	
0	13	139	4160	
0	14	139	8320	
0	15	139	16640	0x4100
0	0	140	0	
1	1	140	1	
1	2	140	3	
1	3	140	7	
1	4	140	15	
1	5	140	31	
1	6	140	63	
1	7	140	127	
0	8	140	254	
0	9	140	508	
0	10	140	1016	
0	11	140	2032	
1	12	140	4065	
0	13	140	8130	
0	14	140	16260	
1	15	140	32521	0x7F09
0	0	141	0	
0	1	141	0	
0	2	141	0	
0	3	141	0	
0	4	141	0	
0	5	141	0	
0	6	141	0	
1	7	141	1	
0	8	141	2	
0	9	141	4	
0	10	141	8	
0	11	141	16	
0	12	141	32	
0	13	141	64	
0	14	141	128	
0	15	141	256	0x100
0	0	142	0	
0	1	142	0	
1	2	142	1	
1	3	142	3	
1	4	142	7	
1	5	142	15	
1	6	142	31	
0	7	142	62	
0	8	142	124	
1	9	142	249	
0	10	142	498	
0	11	142	996	
0	12	142	1992	
0	13	142	3984	
0	14	142	7968	
1	15	142	15937	0x3E41
0	0	143	0	
1	1	143	1	
1	2	143	3	
1	3	143	7	
1	4	143	15	
0	5	143	30	
1	6	143	61	
0	7	143	122	
0	8	143	244	
0	9	143	488	
0	10	143	976	
0	11	143	1952	
0	12	143	3904	
0	13	143	7808	
0	14	143	15616	
0	15	143	31232	0x7A00
0	0	144	0	
1	1	144	1	
1	2	144	3	
1	3	144	7	
1	4	144	15	
1	5	144	31	
1	6	144	63	
1	7	144	127	
0	8	144	254	
0	9	144	508	
0	10	144	1016	
0	11	144	2032	
1	12	144	4065	
0	13	144	8130	
0	14	144	16260	
0	15	144	32520	0x7F08
0	0	145	0	
1	1	145	1	
1	2	145	3	
1	3	145	7	
1	4	145	15	
1	5	145	31	
1	6	145	63	
1	7	145	127	
0	8	145	254	
0	9	145	508	
0	10	145	1016	
0	11	145	2032	
0	12	145	4064	
0	13	145	8128	
0	14	145	16256	
0	15	145	32512	0x7F00
0	0	146	0	
1	1	146	1	
0	2	146	2	
0	3	146	4	
0	4	146	8	
0	5	146	16	
0	6	146	32	
1	7	146	65	
0	8	146	130	
1	9	146	261	
1	10	146	523	
1	11	146	1047	
1	12	146	2095	
1	13	146	4191	
1	14	146	8383	
1	15	146	16767	0x417F
0	0	147	0	
1	1	147	1	
0	2	147	2	
0	3	147	4	
0	4	147	8	
0	5	147	16	
0	6	147	32	
1	7	147	65	
0	8	147	130	
0	9	147	260	
0	10	147	520	
0	11	147	1040	
0	12	147	2080	
0	13	147	4160	
0	14	147	8320	
0	15	147	16640	0x4100
0	0	148	0	
0	1	148	0	
1	2	148	1	
0	3	148	2	
0	4	148	4	
0	5	148	8	
0	6	148	16	
0	7	148	32	
0	8	148	64	
1	9	148	129	
0	10	148	258	
0	11	148	516	
0	12	148	1032	
0	13	148	2064	
0	14	148	4128	
0	15	148	8256	0x2040
0	0	149	0	
0	1	149	0	
1	2	149	1	
1	3	149	3	
1	4	149	7	
1	5	149	15	
1	6	149	31	
1	7	149	63	
0	8	149	126	
0	9	149	252	
0	10	149	504	
0	11	149	1008	
0	12	149	2016	
0	13	149	4032	
0	14	149	8064	
0	15	149	16128	0x3F00
0	0	150	0	
1	1	150	1	
1	2	150	3	
1	3	150	7	
1	4	150	15	
1	5	150	31	
1	6	150	63	
1	7	150	127	
0	8	150	254	
0	9	150	508	
0	10	150	1016	
0	11	150	2032	
1	12	150	4065	
0	13	150	8130	
0	14	150	16260	
0	15	150	32520	0x7F08
0	0	151	0	
1	1	151	1	
1	2	151	3	
1	3	151	7	
0	4	151	14	
1	5	151	29	
1	6	151	59	
1	7	151	119	
0	8	151	238	
0	9	151	476	
0	10	151	952	
0	11	151	1904	
0	12	151	3808	
0	13	151	7616	
0	14	151	15232	
0	15	151	30464	0x7700
0	0	152	0	
1	1	152	1	
1	2	152	3	
1	3	152	7	
1	4	152	15	
1	5	152	31	
1	6	152	63	
1	7	152	127	
0	8	152	254	
1	9	152	509	
0	10	152	1018	
0	11	152	2036	
0	12	152	4072	
0	13	152	8144	
0	14	152	16288	
0	15	152	32576	0x7F40
0	0	153	0	
1	1	153	1	
0	2	153	2	
0	3	153	4	
0	4	153	8	
0	5	153	16	
0	6	153	32	
0	7	153	64	
0	8	153	128	
0	9	153	256	
0	10	153	512	
0	11	153	1024	
0	12	153	2048	
0	13	153	4096	
0	14	153	8192	
0	15	153	16384	0x4000
0	0	154	0	
1	1	154	1	
1	2	154	3	
1	3	154	7	
1	4	154	15	
1	5	154	31	
1	6	154	63	
1	7	154	127	
0	8	154	254	
0	9	154	508	
0	10	154	1016	
0	11	154	2032	
0	12	154	4064	
1	13	154	8129	
1	14	154	16259	
0	15	154	32518	0x7F06
0	0	155	0	
1	1	155	1	
1	2	155	3	
1	3	155	7	
1	4	155	15	
1	5	155	31	
1	6	155	63	
1	7	155	127	
0	8	155	254	
0	9	155	508	
0	10	155	1016	
0	11	155	2032	
0	12	155	4064	
0	13	155	8128	
0	14	155	16256	
0	15	155	32512	0x7F00
0	0	156	0	
1	1	156	1	
1	2	156	3	
1	3	156	7	
1	4	156	15	
1	5	156	31	
1	6	156	63	
1	7	156	127	
0	8	156	254	
0	9	156	508	
0	10	156	1016	
0	11	156	2032	
0	12	156	4064	
0	13	156	8128	
0	14	156	16256	
1	15	156	32513	0x7F01
0	0	157	0	
1	1	157	1	
1	2	157	3	
1	3	157	7	
1	4	157	15	
1	5	157	31	
1	6	157	63	
0	7	157	126	
0	8	157	252	
0	9	157	504	
0	10	157	1008	
0	11	157	2016	
0	12	157	4032	
0	13	157	8064	
0	14	157	16128	
0	15	157	32256	0x7E00
0	0	158	0	
0	1	158	0	
1	2	158	1	
1	3	158	3	
1	4	158	7	
1	5	158	15	
1	6	158	31	
0	7	158	62	
0	8	158	124	
1	9	158	249	
0	10	158	498	
0	11	158	996	
0	12	158	1992	
0	13	158	3984	
0	14	158	7968	
1	15	158	15937	0x3E41
0	0	159	0	
0	1	159	0	
1	2	159	1	
1	3	159	3	
1	4	159	7	
1	5	159	15	
1	6	159	31	
0	7	159	62	
0	8	159	124	
0	9	159	248	
0	10	159	496	
0	11	159	992	
0	12	159	1984	
0	13	159	3968	
0	14	159	7936	
0	15	159	15872	0x3E00
0	0	160	0	
1	1	160	1	
1	2	160	3	
1	3	160	7	
1	4	160	15	
1	5	160	31	
1	6	160	63	
1	7	160	127	
0	8	160	254	
0	9	160	508	
0	10	160	1016	
0	11	160	2032	
1	12	160	4065	
0	13	160	8130	
0	14	160	16260	
1	15	160	32521	0x7F09
0	0	161	0	
0	1	161	0	
0	2	161	0	
0	3	161	0	
0	4	161	0	
1	5	161	1	
1	6	161	3	
0	7	161	6	
0	8	161	12	
0	9	161	24	
0	10	161	48	
0	11	161	96	
0	12	161	192	
0	13	161	384	
0	14	161	768	
0	15	161	1536	0x600
0	0	162	0	
0	1	162	0	
1	2	162	1	
1	3	162	3	
1	4	162	7	
1	5	162	15	
1	6	162	31	
0	7	162	62	
0	8	162	124	
1	9	162	249	
0	10	162	498	
0	11	162	996	
0	12	162	1992	
0	13	162	3984	
0	14	162	7968	
1	15	162	15937	0x3E41
1	0	163	1	
0	1	163	2	
1	2	163	5	
1	3	163	11	
1	4	163	23	
1	5	163	47	
1	6	163	95	
0	7	163	190	
0	8	163	380	
0	9	163	760	
0	10	163	1520	
0	11	163	3040	
0	12	163	6080	
0	13	163	12160	
0	14	163	24320	
0	15	163	48640	0xBE00
0	0	164	0	
1	1	164	1	
1	2	164	3	
1	3	164	7	
1	4	164	15	
1	5	164	31	
1	6	164	63	
1	7	164	127	
0	8	164	254	
0	9	164	508	
0	10	164	1016	
0	11	164	2032	
1	12	164	4065	
0	13	164	8130	
0	14	164	16260	
1	15	164	32521	0x7F09
0	0	165	0	
1	1	165	1	
1	2	165	3	
1	3	165	7	
0	4	165	14	
1	5	165	29	
1	6	165	59	
0	7	165	118	
0	8	165	236	
0	9	165	472	
0	10	165	944	
0	11	165	1888	
0	12	165	3776	
0	13	165	7552	
0	14	165	15104	
0	15	165	30208	0x7600
0	0	166	0	
0	1	166	0	
1	2	166	1	
0	3	166	2	
0	4	166	4	
1	5	166	9	
1	6	166	19	
0	7	166	38	
0	8	166	76	
1	9	166	153	
0	10	166	306	
0	11	166	612	
1	12	166	1225	
0	13	166	2450	
0	14	166	4900	
1	15	166	9801	0x2649
0	0	167	0	
0	1	167	0	
1	2	167	1	
1	3	167	3	
0	4	167	6	
0	5	167	12	
1	6	167	25	
0	7	167	50	
0	8	167	100	
0	9	167	200	
0	10	167	400	
0	11	167	800	
0	12	167	1600	
0	13	167	3200	
0	14	167	6400	
0	15	167	12800	0x3200
0	0	168	0	
0	1	168	0	
0	2	168	0	
0	3	168	0	
0	4	168	0	
0	5	168	0	
0	6	168	0	
1	7	168	1	
0	8	168	2	
1	9	168	5	
1	10	168	11	
1	11	168	23	
1	12	168	47	
1	13	168	95	
1	14	168	191	
1	15	168	383	0x17F
0	0	169	0	
0	1	169	0	
0	2	169	0	
0	3	169	0	
0	4	169	0	
0	5	169	0	
0	6	169	0	
1	7	169	1	
0	8	169	2	
0	9	169	4	
0	10	169	8	
0	11	169	16	
0	12	169	32	
0	13	169	64	
0	14	169	128	
0	15	169	256	0x100
0	0	170	0	
0	1	170	0	
1	2	170	1	
1	3	170	3	
1	4	170	7	
1	5	170	15	
1	6	170	31	
1	7	170	63	
0	8	170	126	
1	9	170	253	
0	10	170	506	
0	11	170	1012	
0	12	170	2024	
0	13	170	4048	
0	14	170	8096	
0	15	170	16192	0x3F40
0	0	171	0	
0	1	171	0	
1	2	171	1	
1	3	171	3	
1	4	171	7	
1	5	171	15	
1	6	171	31	
1	7	171	63	
0	8	171	126	
0	9	171	252	
0	10	171	504	
0	11	171	1008	
0	12	171	2016	
0	13	171	4032	
0	14	171	8064	
0	15	171	16128	0x3F00
0	0	172	0	
0	1	172	0	
0	2	172	0	
1	3	172	1	
1	4	172	3	
1	5	172	7	
1	6	172	15	
1	7	172	31	
0	8	172	62	
1	9	172	125	
1	10	172	251	
0	11	172	502	
0	12	172	1004	
0	13	172	2008	
0	14	172	4016	
0	15	172	8032	0x1F60
0	0	173	0	
0	1	173	0	
0	2	173	0	
1	3	173	1	
1	4	173	3	
1	5	173	7	
1	6	173	15	
1	7	173	31	
0	8	173	62	
0	9	173	124	
0	10	173	248	
0	11	173	496	
0	12	173	992	
0	13	173	1984	
0	14	173	3968	
0	15	173	7936	0x1F00
0	0	174	0	
1	1	174	1	
1	2	174	3	
1	3	174	7	
1	4	174	15	
1	5	174	31	
1	6	174	63	
1	7	174	127	
0	8	174	254	
0	9	174	508	
1	10	174	1017	
1	11	174	2035	
0	12	174	4070	
0	13	174	8140	
0	14	174	16280	
0	15	174	32560	0x7F30
0	0	175	0	
1	1	175	1	
1	2	175	3	
1	3	175	7	
1	4	175	15	
1	5	175	31	
1	6	175	63	
1	7	175	127	
0	8	175	254	
0	9	175	508	
0	10	175	1016	
0	11	175	2032	
0	12	175	4064	
0	13	175	8128	
0	14	175	16256	
0	15	175	32512	0x7F00
0	0	176	0	
1	1	176	1	
1	2	176	3	
1	3	176	7	
0	4	176	14	
1	5	176	29	
1	6	176	59	
1	7	176	119	
0	8	176	238	
0	9	176	476	
0	10	176	952	
0	11	176	1904	
1	12	176	3809	
0	13	176	7618	
0	14	176	15236	
0	15	176	30472	0x7708
0	0	177	0	
1	1	177	1	
1	2	177	3	
1	3	177	7	
0	4	177	14	
1	5	177	29	
1	6	177	59	
1	7	177	119	
0	8	177	238	
0	9	177	476	
0	10	177	952	
0	11	177	1904	
0	12	177	3808	
0	13	177	7616	
0	14	177	15232	
0	15	177	30464	0x7700
0	0	178	0	
0	1	178	0	
0	2	178	0	
0	3	178	0	
0	4	178	0	
1	5	178	1	
1	6	178	3	
1	7	178	7	
0	8	178	14	
1	9	178	29	
1	10	178	59	
1	11	178	119	
1	12	178	239	
0	13	178	478	
0	14	178	956	
0	15	178	1912	0x778
0	0	179	0	
0	1	179	0	
0	2	179	0	
0	3	179	0	
0	4	179	0	
1	5	179	1	
1	6	179	3	
1	7	179	7	
0	8	179	14	
0	9	179	28	
0	10	179	56	
0	11	179	112	
0	12	179	224	
0	13	179	448	
0	14	179	896	
0	15	179	1792	0x700
0	0	180	0	
1	1	180	1	
1	2	180	3	
1	3	180	7	
0	4	180	14	
0	5	180	28	
0	6	180	56	
1	7	180	113	
0	8	180	226	
1	9	180	453	
0	10	180	906	
0	11	180	1812	
1	12	180	3625	
0	13	180	7250	
0	14	180	14500	
1	15	180	29001	0x7149
0	0	181	0	
1	1	181	1	
0	2	181	2	
0	3	181	4	
0	4	181	8	
1	5	181	17	
1	6	181	35	
1	7	181	71	
0	8	181	142	
0	9	181	284	
0	10	181	568	
0	11	181	1136	
0	12	181	2272	
0	13	181	4544	
0	14	181	9088	
0	15	181	18176	0x4700
0	0	182	0	
0	1	182	0	
0	2	182	0	
0	3	182	0	
0	4	182	0	
0	5	182	0	
0	6	182	0	
0	7	182	0	
0	8	182	0	
1	9	182	1	
1	10	182	3	
1	11	182	7	
1	12	182	15	
1	13	182	31	
1	14	182	63	
1	15	182	127	0x7F
0	0	183	0	
1	1	183	1	
0	2	183	2	
0	3	183	4	
0	4	183	8	
0	5	183	16	
0	6	183	32	
1	7	183	65	
0	8	183	130	
0	9	183	260	
0	10	183	520	
0	11	183	1040	
0	12	183	2080	
0	13	183	4160	
0	14	183	8320	
0	15	183	16640	0x4100
0	0	184	0	
0	1	184	0	
0	2	184	0	
0	3	184	0	
0	4	184	0	
0	5	184	0	
1	6	184	1	
1	7	184	3	
0	8	184	6	
0	9	184	12	
0	10	184	24	
1	11	184	49	
1	12	184	99	
1	13	184	199	
0	14	184	398	
0	15	184	796	0x31C
0	0	185	0	
1	1	185	1	
1	2	185	3	
0	3	185	6	
0	4	185	12	
0	5	185	24	
0	6	185	48	
0	7	185	96	
0	8	185	192	
0	9	185	384	
0	10	185	768	
0	11	185	1536	
0	12	185	3072	
0	13	185	6144	
0	14	185	12288	
0	15	185	24576	0x6000
0	0	186	0	
0	1	186	0	
0	2	186	0	
0	3	186	0	
0	4	186	0	
0	5	186	0	
0	6	186	0	
0	7	186	0	
0	8	186	0	
1	9	186	1	
0	10	186	2	
0	11	186	4	
0	12	186	8	
0	13	186	16	
0	14	186	32	
1	15	186	65	0x41
0	0	187	0	
1	1	187	1	
1	2	187	3	
1	3	187	7	
1	4	187	15	
1	5	187	31	
1	6	187	63	
1	7	187	127	
0	8	187	254	
0	9	187	508	
0	10	187	1016	
0	11	187	2032	
0	12	187	4064	
0	13	187	8128	
0	14	187	16256	
0	15	187	32512	0x7F00
0	0	188	0	
0	1	188	0	
0	2	188	0	
0	3	188	0	
0	4	188	0	
0	5	188	0	
1	6	188	1	
0	7	188	2	
0	8	188	4	
0	9	188	8	
0	10	188	16	
0	11	188	32	
0	12	188	64	
0	13	188	128	
0	14	188	256	
1	15	188	513	0x201
0	0	189	0	
0	1	189	0	
0	2	189	0	
0	3	189	0	
0	4	189	0	
0	5	189	0	
1	6	189	1	
0	7	189	2	
0	8	189	4	
0	9	189	8	
0	10	189	16	
0	11	189	32	
0	12	189	64	
0	13	189	128	
0	14	189	256	
0	15	189	512	0x200
1	0	190	1	
0	1	190	2	
0	2	190	4	
0	3	190	8	
0	4	190	16	
0	5	190	32	
0	6	190	64	
0	7	190	128	
1	8	190	257	
0	9	190	514	
0	10	190	1028	
0	11	190	2056	
0	12	190	4112	
0	13	190	8224	
0	14	190	16448	
0	15	190	32896	0x8080
1	0	191	1	
0	1	191	2	
0	2	191	4	
0	3	191	8	
0	4	191	16	
0	5	191	32	
0	6	191	64	
0	7	191	128	
0	8	191	256	
0	9	191	512	
0	10	191	1024	
0	11	191	2048	
0	12	191	4096	
0	13	191	8192	
0	14	191	16384	
0	15	191	32768	0x8000
0	0	192	0	
0	1	192	0	
0	2	192	0	
0	3	192	0	
0	4	192	0	
0	5	192	0	
0	6	192	0	
0	7	192	0	
0	8	192	0	
0	9	192	0	
0	10	192	0	
0	11	192	0	
0	12	192	0	
0	13	192	0	
0	14	192	0	
1	15	192	1	0x1
0	0	193	0	
0	1	193	0	
0	2	193	0	
0	3	193	0	
0	4	193	0	
0	5	193	0	
1	6	193	1	
0	7	193	2	
0	8	193	4	
0	9	193	8	
0	10	193	16	
0	11	193	32	
0	12	193	64	
0	13	193	128	
0	14	193	256	
0	15	193	512	0x200
0	0	194	0	
0	1	194	0	
1	2	194	1	
0	3	194	2	
0	4	194	4	
1	5	194	9	
0	6	194	18	
0	7	194	36	
0	8	194	72	
1	9	194	145	
0	10	194	290	
1	11	194	581	
0	12	194	1162	
1	13	194	2325	
0	14	194	4650	
0	15	194	9300	0x2454
0	0	195	0	
1	1	195	1	
1	2	195	3	
1	3	195	7	
1	4	195	15	
0	5	195	30	
0	6	195	60	
0	7	195	120	
0	8	195	240	
0	9	195	480	
0	10	195	960	
0	11	195	1920	
0	12	195	3840	
0	13	195	7680	
0	14	195	15360	
0	15	195	30720	0x7800
0	0	196	0	
1	1	196	1	
1	2	196	3	
1	3	196	7	
1	4	196	15	
1	5	196	31	
1	6	196	63	
1	7	196	127	
0	8	196	254	
1	9	196	509	
0	10	196	1018	
0	11	196	2036	
0	12	196	4072	
1	13	196	8145	
0	14	196	16290	
0	15	196	32580	0x7F44
0	0	197	0	
0	1	197	0	
1	2	197	1	
1	3	197	3	
1	4	197	7	
0	5	197	14	
0	6	197	28	
0	7	197	56	
0	8	197	112	
0	9	197	224	
0	10	197	448	
0	11	197	896	
0	12	197	1792	
0	13	197	3584	
0	14	197	7168	
0	15	197	14336	0x3800
0	0	198	0	
0	1	198	0	
1	2	198	1	
1	3	198	3	
1	4	198	7	
0	5	198	14	
0	6	198	28	
0	7	198	56	
0	8	198	112	
1	9	198	225	
0	10	198	450	
0	11	198	900	
0	12	198	1800	
1	13	198	3601	
0	14	198	7202	
0	15	198	14404	0x3844
0	0	199	0	
0	1	199	0	
1	2	199	1	
0	3	199	2	
1	4	199	5	
0	5	199	10	
0	6	199	20	
0	7	199	40	
0	8	199	80	
0	9	199	160	
0	10	199	320	
0	11	199	640	
0	12	199	1280	
0	13	199	2560	
0	14	199	5120	
0	15	199	10240	0x2800
0	0	200	0	
0	1	200	0	
1	2	200	1	
1	3	200	3	
1	4	200	7	
0	5	200	14	
0	6	200	28	
0	7	200	56	
0	8	200	112	
1	9	200	225	
0	10	200	450	
0	11	200	900	
0	12	200	1800	
1	13	200	3601	
0	14	200	7202	
0	15	200	14404	0x3844
0	0	201	0	
1	1	201	1	
1	2	201	3	
1	3	201	7	
1	4	201	15	
1	5	201	31	
1	6	201	63	
1	7	201	127	
0	8	201	254	
0	9	201	508	
0	10	201	1016	
0	11	201	2032	
0	12	201	4064	
0	13	201	8128	
0	14	201	16256	
0	15	201	32512	0x7F00
0	0	202	0	
0	1	202	0	
1	2	202	1	
1	3	202	3	
1	4	202	7	
0	5	202	14	
0	6	202	28	
0	7	202	56	
0	8	202	112	
1	9	202	225	
0	10	202	450	
1	11	202	901	
0	12	202	1802	
1	13	202	3605	
0	14	202	7210	
0	15	202	14420	0x3854
0	0	203	0	
1	1	203	1	
0	2	203	2	
1	3	203	5	
1	4	203	11	
0	5	203	22	
0	6	203	44	
0	7	203	88	
0	8	203	176	
0	9	203	352	
0	10	203	704	
0	11	203	1408	
0	12	203	2816	
0	13	203	5632	
0	14	203	11264	
0	15	203	22528	0x5800
0	0	204	0	
0	1	204	0	
0	2	204	0	
0	3	204	0	
1	4	204	1	
0	5	204	2	
0	6	204	4	
0	7	204	8	
0	8	204	16	
1	9	204	33	
1	10	204	67	
1	11	204	135	
1	12	204	271	
1	13	204	543	
1	14	204	1087	
0	15	204	2174	0x87E
0	0	205	0	
0	1	205	0	
0	2	205	0	
0	3	205	0	
1	4	205	1	
0	5	205	2	
0	6	205	4	
1	7	205	9	
0	8	205	18	
0	9	205	36	
0	10	205	72	
0	11	205	144	
0	12	205	288	
0	13	205	576	
0	14	205	1152	
0	15	205	2304	0x900
0	0	206	0	
1	1	206	1	
0	2	206	2	
0	3	206	4	
1	4	206	9	
0	5	206	18	
0	6	206	36	
0	7	206	72	
0	8	206	144	
1	9	206	289	
0	10	206	578	
1	11	206	1157	
0	12	206	2314	
1	13	206	4629	
0	14	206	9258	
0	15	206	18516	0x4854
0	0	207	0	
0	1	207	0	
1	2	207	1	
1	3	207	3	
1	4	207	7	
1	5	207	15	
0	6	207	30	
0	7	207	60	
0	8	207	120	
0	9	207	240	
0	10	207	480	
0	11	207	960	
0	12	207	1920	
0	13	207	3840	
0	14	207	7680	
0	15	207	15360	0x3C00
0	0	208	0	
1	1	208	1	
1	2	208	3	
1	3	208	7	
1	4	208	15	
1	5	208	31	
1	6	208	63	
1	7	208	127	
0	8	208	254	
0	9	208	508	
0	10	208	1016	
0	11	208	2032	
0	12	208	4064	
1	13	208	8129	
0	14	208	16258	
0	15	208	32516	0x7F04
0	0	209	0	
1	1	209	1	
1	2	209	3	
1	3	209	7	
1	4	209	15	
0	5	209	30	
0	6	209	60	
0	7	209	120	
0	8	209	240	
0	9	209	480	
0	10	209	960	
0	11	209	1920	
0	12	209	3840	
0	13	209	7680	
0	14	209	15360	
0	15	209	30720	0x7800
0	0	210	0	
1	1	210	1	
0	2	210	2	
0	3	210	4	
0	4	210	8	
1	5	210	17	
0	6	210	34	
0	7	210	68	
0	8	210	136	
1	9	210	273	
1	10	210	547	
1	11	210	1095	
1	12	210	2191	
1	13	210	4383	
0	14	210	8766	
1	15	210	17533	0x447D
0	0	211	0	
1	1	211	1	
0	2	211	2	
0	3	211	4	
0	4	211	8	
0	5	211	16	
0	6	211	32	
0	7	211	64	
0	8	211	128	
0	9	211	256	
0	10	211	512	
0	11	211	1024	
0	12	211	2048	
0	13	211	4096	
0	14	211	8192	
0	15	211	16384	0x4000
0	0	212	0	
0	1	212	0	
1	2	212	1	
0	3	212	2	
0	4	212	4	
0	5	212	8	
0	6	212	16	
0	7	212	32	
0	8	212	64	
1	9	212	129	
0	10	212	258	
0	11	212	516	
0	12	212	1032	
0	13	212	2064	
0	14	212	4128	
0	15	212	8256	0x2040
0	0	213	0	
0	1	213	0	
1	2	213	1	
1	3	213	3	
1	4	213	7	
1	5	213	15	
0	6	213	30	
1	7	213	61	
0	8	213	122	
0	9	213	244	
0	10	213	488	
0	11	213	976	
0	12	213	1952	
0	13	213	3904	
0	14	213	7808	
0	15	213	15616	0x3D00
0	0	214	0	
1	1	214	1	
1	2	214	3	
1	3	214	7	
1	4	214	15	
1	5	214	31	
1	6	214	63	
1	7	214	127	
0	8	214	254	
0	9	214	508	
0	10	214	1016	
1	11	214	2033	
0	12	214	4066	
0	13	214	8132	
0	14	214	16264	
0	15	214	32528	0x7F10
0	0	215	0	
1	1	215	1	
1	2	215	3	
0	3	215	6	
1	4	215	13	
1	5	215	27	
0	6	215	54	
0	7	215	108	
0	8	215	216	
0	9	215	432	
0	10	215	864	
0	11	215	1728	
0	12	215	3456	
0	13	215	6912	
0	14	215	13824	
0	15	215	27648	0x6C00
0	0	216	0	
1	1	216	1	
0	2	216	2	
0	3	216	4	
0	4	216	8	
0	5	216	16	
0	6	216	32	
1	7	216	65	
0	8	216	130	
1	9	216	261	
1	10	216	523	
1	11	216	1047	
1	12	216	2095	
1	13	216	4191	
1	14	216	8383	
1	15	216	16767	0x417F
0	0	217	0	
1	1	217	1	
0	2	217	2	
0	3	217	4	
0	4	217	8	
0	5	217	16	
0	6	217	32	
0	7	217	64	
0	8	217	128	
0	9	217	256	
0	10	217	512	
0	11	217	1024	
0	12	217	2048	
0	13	217	4096	
0	14	217	8192	
0	15	217	16384	0x4000
0	0	218	0	
1	1	218	1	
1	2	218	3	
1	3	218	7	
1	4	218	15	
1	5	218	31	
0	6	218	62	
0	7	218	124	
0	8	218	248	
0	9	218	496	
0	10	218	992	
1	11	218	1985	
1	12	218	3971	
0	13	218	7942	
0	14	218	15884	
0	15	218	31768	0x7C18
0	0	219	0	
1	1	219	1	
1	2	219	3	
1	3	219	7	
1	4	219	15	
1	5	219	31	
0	6	219	62	
0	7	219	124	
0	8	219	248	
0	9	219	496	
0	10	219	992	
0	11	219	1984	
0	12	219	3968	
0	13	219	7936	
0	14	219	15872	
0	15	219	31744	0x7C00
0	0	220	0	
1	1	220	1	
1	2	220	3	
1	3	220	7	
1	4	220	15	
1	5	220	31	
0	6	220	62	
0	7	220	124	
0	8	220	248	
0	9	220	496	
0	10	220	992	
0	11	220	1984	
0	12	220	3968	
1	13	220	7937	
0	14	220	15874	
0	15	220	31748	0x7C04
0	0	221	0	
1	1	221	1	
1	2	221	3	
1	3	221	7	
1	4	221	15	
0	5	221	30	
0	6	221	60	
0	7	221	120	
0	8	221	240	
0	9	221	480	
0	10	221	960	
0	11	221	1920	
0	12	221	3840	
0	13	221	7680	
0	14	221	15360	
0	15	221	30720	0x7800
0	0	222	0	
0	1	222	0	
1	2	222	1	
1	3	222	3	
1	4	222	7	
0	5	222	14	
0	6	222	28	
0	7	222	56	
0	8	222	112	
1	9	222	225	
0	10	222	450	
0	11	222	900	
0	12	222	1800	
1	13	222	3601	
0	14	222	7202	
0	15	222	14404	0x3844
0	0	223	0	
0	1	223	0	
1	2	223	1	
1	3	223	3	
1	4	223	7	
0	5	223	14	
0	6	223	28	
0	7	223	56	
0	8	223	112	
0	9	223	224	
0	10	223	448	
0	11	223	896	
0	12	223	1792	
0	13	223	3584	
0	14	223	7168	
0	15	223	14336	0x3800
0	0	224	0	
1	1	224	1	
1	2	224	3	
1	3	224	7	
1	4	224	15	
1	5	224	31	
0	6	224	62	
0	7	224	124	
0	8	224	248	
0	9	224	496	
0	10	224	992	
1	11	224	1985	
0	12	224	3970	
1	13	224	7941	
0	14	224	15882	
0	15	224	31764	0x7C14
0	0	225	0	
0	1	225	0	
0	2	225	0	
0	3	225	0	
1	4	225	1	
0	5	225	2	
0	6	225	4	
0	7	225	8	
0	8	225	16	
0	9	225	32	
0	10	225	64	
0	11	225	128	
0	12	225	256	
0	13	225	512	
0	14	225	1024	
0	15	225	2048	0x800
0	0	226	0	
0	1	226	0	
0	2	226	0	
0	3	226	0	
1	4	226	1	
0	5	226	2	
0	6	226	4	
0	7	226	8	
0	8	226	16	
0	9	226	32	
0	10	226	64	
1	11	226	129	
0	12	226	258	
1	13	226	517	
0	14	226	1034	
0	15	226	2068	0x814
0	0	227	0	
1	1	227	1	
1	2	227	3	
1	3	227	7	
1	4	227	15	
1	5	227	31	
0	6	227	62	
0	7	227	124	
0	8	227	248	
0	9	227	496	
0	10	227	992	
0	11	227	1984	
0	12	227	3968	
0	13	227	7936	
0	14	227	15872	
0	15	227	31744	0x7C00
0	0	228	0	
1	1	228	1	
1	2	228	3	
1	3	228	7	
1	4	228	15	
1	5	228	31	
0	6	228	62	
0	7	228	124	
0	8	228	248	
0	9	228	496	
0	10	228	992	
0	11	228	1984	
0	12	228	3968	
1	13	228	7937	
0	14	228	15874	
0	15	228	31748	0x7C04
0	0	229	0	
0	1	229	0	
0	2	229	0	
0	3	229	0	
1	4	229	1	
0	5	229	2	
0	6	229	4	
0	7	229	8	
0	8	229	16	
0	9	229	32	
0	10	229	64	
0	11	229	128	
0	12	229	256	
0	13	229	512	
0	14	229	1024	
0	15	229	2048	0x800
0	0	230	0	
1	1	230	1	
0	2	230	2	
0	3	230	4	
1	4	230	9	
0	5	230	18	
0	6	230	36	
0	7	230	72	
0	8	230	144	
1	9	230	289	
0	10	230	578	
1	11	230	1157	
0	12	230	2314	
1	13	230	4629	
0	14	230	9258	
0	15	230	18516	0x4854
0	0	231	0	
0	1	231	0	
1	2	231	1	
0	3	231	2	
0	4	231	4	
1	5	231	9	
0	6	231	18	
0	7	231	36	
0	8	231	72	
0	9	231	144	
0	10	231	288	
0	11	231	576	
0	12	231	1152	
0	13	231	2304	
0	14	231	4608	
0	15	231	9216	0x2400
0	0	232	0	
0	1	232	0	
0	2	232	0	
0	3	232	0	
0	4	232	0	
1	5	232	1	
0	6	232	2	
0	7	232	4	
0	8	232	8	
0	9	232	16	
1	10	232	33	
1	11	232	67	
1	12	232	135	
1	13	232	271	
1	14	232	543	
0	15	232	1086	0x43E
0	0	233	0	
1	1	233	1	
0	2	233	2	
0	3	233	4	
0	4	233	8	
1	5	233	17	
0	6	233	34	
0	7	233	68	
0	8	233	136	
0	9	233	272	
0	10	233	544	
0	11	233	1088	
0	12	233	2176	
0	13	233	4352	
0	14	233	8704	
0	15	233	17408	0x4400
0	0	234	0	
0	1	234	0	
1	2	234	1	
1	3	234	3	
1	4	234	7	
1	5	234	15	
0	6	234	30	
0	7	234	60	
0	8	234	120	
1	9	234	241	
0	10	234	482	
0	11	234	964	
0	12	234	1928	
0	13	234	3856	
0	14	234	7712	
0	15	234	15424	0x3C40
0	0	235	0	
1	1	235	1	
1	2	235	3	
1	3	235	7	
1	4	235	15	
1	5	235	31	
0	6	235	62	
0	7	235	124	
0	8	235	248	
0	9	235	496	
0	10	235	992	
0	11	235	1984	
0	12	235	3968	
0	13	235	7936	
0	14	235	15872	
0	15	235	31744	0x7C00
0	0	236	0	
0	1	236	0	
0	2	236	0	
1	3	236	1	
1	4	236	3	
1	5	236	7	
0	6	236	14	
0	7	236	28	
0	8	236	56	
1	9	236	113	
1	10	236	227	
0	11	236	454	
0	12	236	908	
0	13	236	1816	
0	14	236	3632	
0	15	236	7264	0x1C60
0	0	237	0	
0	1	237	0	
0	2	237	0	
1	3	237	1	
1	4	237	3	
1	5	237	7	
0	6	237	14	
0	7	237	28	
0	8	237	56	
0	9	237	112	
0	10	237	224	
0	11	237	448	
0	12	237	896	
0	13	237	1792	
0	14	237	3584	
0	15	237	7168	0x1C00
0	0	238	0	
1	1	238	1	
1	2	238	3	
1	3	238	7	
1	4	238	15	
1	5	238	31	
0	6	238	62	
0	7	238	124	
0	8	238	248	
0	9	238	496	
1	10	238	993	
1	11	238	1987	
0	12	238	3974	
0	13	238	7948	
0	14	238	15896	
0	15	238	31792	0x7C30
0	0	239	0	
1	1	239	1	
1	2	239	3	
1	3	239	7	
1	4	239	15	
1	5	239	31	
0	6	239	62	
0	7	239	124	
0	8	239	248	
0	9	239	496	
0	10	239	992	
0	11	239	1984	
0	12	239	3968	
0	13	239	7936	
0	14	239	15872	
0	15	239	31744	0x7C00
0	0	240	0	
1	1	240	1	
1	2	240	3	
0	3	240	6	
1	4	240	13	
1	5	240	27	
0	6	240	54	
0	7	240	108	
0	8	240	216	
0	9	240	432	
0	10	240	864	
1	11	240	1729	
0	12	240	3458	
0	13	240	6916	
0	14	240	13832	
0	15	240	27664	0x6C10
0	0	241	0	
1	1	241	1	
1	2	241	3	
0	3	241	6	
1	4	241	13	
1	5	241	27	
0	6	241	54	
0	7	241	108	
0	8	241	216	
0	9	241	432	
0	10	241	864	
0	11	241	1728	
0	12	241	3456	
0	13	241	6912	
0	14	241	13824	
0	15	241	27648	0x6C00
0	0	242	0	
1	1	242	1	
0	2	242	2	
0	3	242	4	
1	4	242	9	
1	5	242	19	
0	6	242	38	
0	7	242	76	
0	8	242	152	
1	9	242	305	
0	10	242	610	
1	11	242	1221	
0	12	242	2442	
0	13	242	4884	
0	14	242	9768	
0	15	242	19536	0x4C50
0	0	243	0	
0	1	243	0	
1	2	243	1	
1	3	243	3	
1	4	243	7	
1	5	243	15	
0	6	243	30	
0	7	243	60	
0	8	243	120	
0	9	243	240	
0	10	243	480	
0	11	243	960	
0	12	243	1920	
0	13	243	3840	
0	14	243	7680	
0	15	243	15360	0x3C00
0	0	244	0	
1	1	244	1	
1	2	244	3	
0	3	244	6	
0	4	244	12	
1	5	244	25	
0	6	244	50	
0	7	244	100	
0	8	244	200	
1	9	244	401	
0	10	244	802	
1	11	244	1605	
0	12	244	3210	
1	13	244	6421	
0	14	244	12842	
0	15	244	25684	0x6454
0	0	245	0	
1	1	245	1	
0	2	245	2	
0	3	245	4	
1	4	245	9	
1	5	245	19	
0	6	245	38	
0	7	245	76	
0	8	245	152	
0	9	245	304	
0	10	245	608	
0	11	245	1216	
0	12	245	2432	
0	13	245	4864	
0	14	245	9728	
0	15	245	19456	0x4C00
0	0	246	0	
0	1	246	0	
0	2	246	0	
0	3	246	0	
1	4	246	1	
0	5	246	2	
0	6	246	4	
0	7	246	8	
0	8	246	16	
0	9	246	32	
1	10	246	65	
1	11	246	131	
0	12	246	262	
1	13	246	525	
1	14	246	1051	
0	15	246	2102	0x836
0	0	247	0	
1	1	247	1	
0	2	247	2	
0	3	247	4	
0	4	247	8	
0	5	247	16	
0	6	247	32	
1	7	247	65	
0	8	247	130	
0	9	247	260	
0	10	247	520	
0	11	247	1040	
0	12	247	2080	
0	13	247	4160	
0	14	247	8320	
0	15	247	16640	0x4100
0	0	248	0	
0	1	248	0	
0	2	248	0	
0	3	248	0	
0	4	248	0	
0	5	248	0	
0	6	248	0	
0	7	248	0	
0	8	248	0	
1	9	248	1	
1	10	248	3	
1	11	248	7	
0	12	248	14	
1	13	248	29	
1	14	248	59	
1	15	248	119	0x77
0	0	249	0	
0	1	249	0	
0	2	249	0	
0	3	249	0	
0	4	249	0	
0	5	249	0	
0	6	249	0	
0	7	249	0	
0	8	249	0	
0	9	249	0	
0	10	249	0	
0	11	249	0	
0	12	249	0	
0	13	249	0	
0	14	249	0	
0	15	249	0	0x0
0	0	250	0	
1	1	250	1	
0	2	250	2	
0	3	250	4	
0	4	250	8	
0	5	250	16	
0	6	250	32	
1	7	250	65	
0	8	250	130	
0	9	250	260	
1	10	250	521	
1	11	250	1043	
0	12	250	2086	
1	13	250	4173	
1	14	250	8347	
0	15	250	16694	0x4136
0	0	251	0	
0	1	251	0	
0	2	251	0	
0	3	251	0	
1	4	251	1	
0	5	251	2	
0	6	251	4	
0	7	251	8	
0	8	251	16	
0	9	251	32	
0	10	251	64	
0	11	251	128	
0	12	251	256	
0	13	251	512	
0	14	251	1024	
0	15	251	2048	0x800
0	0	252	0	
0	1	252	0	
0	2	252	0	
0	3	252	0	
0	4	252	0	
0	5	252	0	
1	6	252	1	
0	7	252	2	
0	8	252	4	
0	9	252	8	
0	10	252	16	
0	11	252	32	
0	12	252	64	
0	13	252	128	
0	14	252	256	
1	15	252	513	0x201
0	0	253	0	
0	1	253	0	
0	2	253	0	
0	3	253	0	
0	4	253	0	
0	5	253	0	
1	6	253	1	
0	7	253	2	
0	8	253	4	
0	9	253	8	
0	10	253	16	
0	11	253	32	
0	12	253	64	
0	13	253	128	
0	14	253	256	
1	15	253	513	0x201
0	0	254	0	
0	1	254	0	
0	2	254	0	
0	3	254	0	
0	4	254	0	
0	5	254	0	
1	6	254	1	
0	7	254	2	
0	8	254	4	
0	9	254	8	
0	10	254	16	
0	11	254	32	
0	12	254	64	
1	13	254	129	
0	14	254	258	
1	15	254	517	0x205
0	0	255	0	
0	1	255	0	
0	2	255	0	
0	3	255	0	
0	4	255	0	
0	5	255	0	
1	6	255	1	
0	7	255	2	
0	8	255	4	
0	9	255	8	
0	10	255	16	
0	11	255	32	
0	12	255	64	
0	13	255	128	
0	14	255	256	
0	15	255	512	0x200
